3     (15000       / 5000 )
4     (20000       / 5000 )
5     (25000       / 5000 )
6     (30000       / 5000 )
7     (35000       / 5000 )
8     (40000       / 5000 )
9     (45000       / 5000 )
10    (50000       / 5000 )
11    (55000       / 5000 )
12    (60000       / 5000 )
13    (65000       / 5000 )
10    (70000       / 6830 )
15    (75000       / 5000 )
19    (80000       / 4045 )
24    (85000       / 3450 )
29    (90000       / 3038 )
34    (95000       / 2735 )
40    (100000      / 2500 )
45    (105000      / 2312 )
50    (110000      / 2158 )
56    (115000      / 2029 )
62    (120000      / 1919 )
68    (125000      / 1824 )
74    (130000      / 1740 )
80    (135000      / 1667 )
87    (140000      / 1601 )
94    (145000      / 1542 )
100   (150000      / 1488 )
107   (155000      / 1440 )
114   (160000      / 1395 )
121   (165000      / 1355 )
129   (170000      / 1317 )
136   (175000      / 1282 )
144   (180000      / 1250 )
151   (185000      / 1220 )
159   (190000      / 1192 )
167   (195000      / 1165 )
175   (200000      / 1140 )
183   (205000      / 1117 )
191   (210000      / 1095 )
200   (215000      / 1074 )
208   (220000      / 1054 )
217   (225000      / 1035 )
226   (230000      / 1017 )
235   (235000      / 1000 )
243   (240000      / 984  )
253   (245000      / 968  )
262   (250000      / 953  )
271   (255000      / 939  )
281   (260000      / 925  )
290   (265000      / 912  )
300   (270000      / 900  )
309   (275000      / 888  )
319   (280000      / 876  )
329   (285000      / 865  )
339   (290000      / 854  )
349   (295000      / 844  )
359   (300000      / 834  )
370   (305000      / 824  )
380   (310000      / 814  )
391   (315000      / 805  )
402   (320000      / 796  )
412   (325000      / 788  )
423   (330000      / 780  )
434   (335000      / 771  )
445   (340000      / 764  )
456   (345000      / 756  )
467   (350000      / 749  )
479   (355000      / 741  )
490   (360000      / 734  )
501   (365000      / 728  )
513   (370000      / 721  )
524   (375000      / 715  )
536   (380000      / 708  )
548   (385000      / 702  )
560   (390000      / 696  )
572   (395000      / 690  )
583   (400000      / 685  )
596   (405000      / 679  )
608   (410000      / 674  )
621   (415000      / 668  )
633   (420000      / 663  )
645   (425000      / 658  )
658   (430000      / 653  )
671   (435000      / 648  )
684   (440000      / 643  )
696   (445000      / 639  )
709   (450000      / 634  )
722   (455000      / 630  )
736   (460000      / 625  )
748   (465000      / 621  )
761   (470000      / 617  )
774   (475000      / 613  )
788   (480000      / 609  )
801   (485000      / 605  )
815   (490000      / 601  )
829   (495000      / 597  )
843   (500000      / 593  )
855   (505000      / 590  )
870   (510000      / 586  )
1660  (967991      / 583  )
1696  (982367      / 579  )
1730  (996815      / 576  )
1764  (1011336     / 573  )
1803  (1025929     / 569  )
1838  (1040595     / 566  )
1874  (1055335     / 563  )
1910  (1070149     / 560  )
1948  (1085037     / 557  )
1985  (1100000     / 554  )
2023  (1115037     / 551  )
2062  (1130150     / 548  )
2101  (1145339     / 545  )
2141  (1160603     / 542  )
2181  (1175945     / 539  )
2222  (1191363     / 536  )
2260  (1206858     / 534  )
2302  (1222431     / 531  )
2344  (1238082     / 528  )
2383  (1253811     / 526  )
2427  (1269619     / 523  )
2472  (1285506     / 520  )
2512  (1301472     / 518  )
2558  (1317518     / 515  )
2599  (1333644     / 513  )
2641  (1349851     / 511  )
2689  (1366138     / 508  )
2732  (1382506     / 506  )
2775  (1398956     / 504  )
2825  (1415488     / 501  )
2864  (1432102     / 500  )
2915  (1448798     / 497  )
2960  (1465577     / 495  )
3006  (1482439     / 493  )
3053  (1499385     / 491  )
3101  (1516415     / 489  )
3148  (1533529     / 487  )
3197  (1550727     / 485  )
3246  (1568010     / 483  )
3296  (1585379     / 481  )
3346  (1602833     / 479  )
3397  (1620373     / 477  )
3448  (1637998     / 475  )
3500  (1655711     / 473  )
3553  (1673510     / 471  )
3606  (1691397     / 469  )
3660  (1709371     / 467  )
3706  (1727432     / 466  )
3762  (1745582     / 464  )
3817  (1763820     / 462  )
3874  (1782147     / 460  )
3922  (1800563     / 459  )
3980  (1819068     / 457  )
4038  (1837664     / 455  )
4097  (1856349     / 453  )
4148  (1875124     / 452  )
4208  (1893990     / 450  )
4260  (1912947     / 449  )
4322  (1931995     / 447  )
4384  (1951135     / 445  )
4437  (1970366     / 444  )
4501  (1989690     / 442  )
4555  (2009106     / 441  )
4620  (2028615     / 439  )
4676  (2048217     / 438  )
4742  (2067913     / 436  )
4799  (2087702     / 435  )
4867  (2107585     / 433  )
4924  (2127562     / 432  )
4994  (2147634     / 430  )
5053  (2167801     / 429  )
5112  (2188063     / 428  )
5184  (2208420     / 426  )
5244  (2228873     / 425  )
5305  (2249422     / 424  )
5379  (2270068     / 422  )
5441  (2290810     / 421  )
5503  (2311649     / 420  )
5580  (2332586     / 418  )
5644  (2353619     / 417  )
5708  (2374751     / 416  )
5787  (2395981     / 414  )
5853  (2417309     / 413  )
5919  (2438735     / 412  )
5986  (2460261     / 411  )
6068  (2481886     / 409  )
6136  (2503610     / 408  )
6204  (2525434     / 407  )
6274  (2547358     / 406  )
6344  (2569383     / 405  )
6430  (2591508     / 403  )
6501  (2613734     / 402  )
6573  (2636061     / 401  )
6646  (2658490     / 400  )
6719  (2681020     / 399  )
6793  (2703653     / 398  )
6867  (2726387     / 397  )
6960  (2749225     / 395  )
7035  (2772165     / 394  )
7112  (2795208     / 393  )
7189  (2818354     / 392  )
7267  (2841605     / 391  )
7346  (2864959     / 390  )
7425  (2888417     / 389  )
7505  (2911980     / 388  )
7585  (2935648     / 387  )
7666  (2959420     / 386  )
7748  (2983298     / 385  )
7831  (3007281     / 384  )
7914  (3031370     / 383  )
7998  (3055566     / 382  )
8083  (3079867     / 381  )
8169  (3104275     / 380  )
8255  (3128790     / 379  )
8342  (3153412     / 378  )
8430  (3178142     / 377  )
8518  (3202979     / 376  )
8607  (3227924     / 375  )
8697  (3252977     / 374  )
8788  (3278139     / 373  )
8856  (3303409     / 373  )
8948  (3328789     / 372  )
9041  (3354277     / 371  )
9134  (3379875     / 370  )
9229  (3405583     / 369  )
9324  (3431400     / 368  )
9420  (3457328     / 367  )
9517  (3483366     / 366  )
9615  (3509515     / 365  )
9687  (3535776     / 365  )
9786  (3562147     / 364  )
9886  (3588630     / 363  )
9986  (3615224     / 362  )
10088 (3641931     / 361  )
10190 (3668750     / 360  )
10265 (3695681     / 360  )
10369 (3722725     / 359  )
10474 (3749882     / 358  )
10580 (3777152     / 357  )
10686 (3804536     / 356  )
10764 (3832033     / 356  )
10872 (3859645     / 355  )
10981 (3887371     / 354  )
11091 (3915211     / 353  )
11170 (3943166     / 353  )
11281 (3971236     / 352  )
11394 (3999421     / 351  )
11507 (4027722     / 350  )
11588 (4056138     / 350  )
11703 (4084670     / 349  )
11819 (4113319     / 348  )
11936 (4142084     / 347  )
12020 (4170965     / 347  )
12138 (4199964     / 346  )
12258 (4229079     / 345  )
12378 (4258312     / 344  )
12464 (4287663     / 344  )
12586 (4317131     / 343  )
12709 (4346718     / 342  )
12796 (4376423     / 342  )
12921 (4406247     / 341  )
13047 (4436189     / 340  )
13136 (4466250     / 340  )
13263 (4496431     / 339  )
13392 (4526731     / 338  )
13482 (4557152     / 338  )
13613 (4587692     / 337  )
13745 (4618352     / 336  )
13836 (4649133     / 336  )
13970 (4680034     / 335  )
14104 (4711056     / 334  )
14198 (4742200     / 334  )
14334 (4773465     / 333  )
14472 (4804851     / 332  )
14567 (4836360     / 332  )
14706 (4867990     / 331  )
14802 (4899743     / 331  )
14944 (4931619     / 330  )
15086 (4963617     / 329  )
15184 (4995738     / 329  )
15329 (5027982     / 328  )
15427 (5060350     / 328  )
15574 (5092842     / 327  )
15722 (5125457     / 326  )
15822 (5158197     / 326  )
15972 (5191061     / 325  )
16074 (5224050     / 325  )
16225 (5257163     / 324  )
16378 (5290402     / 323  )
16482 (5323765     / 323  )
16637 (5357255     / 322  )
16741 (5390870     / 322  )
16899 (5424611     / 321  )
17004 (5458478     / 321  )
17163 (5492471     / 320  )
17324 (5526591     / 319  )
17432 (5560838     / 319  )
17595 (5595212     / 318  )
17703 (5629714     / 318  )
17868 (5664342     / 317  )
31875 (10200000    / 320  )
32601 (10400000    / 319  )
33228 (10600000    / 319  )
33962 (10800000    / 318  )
34591 (11000000    / 318  )
35331 (11200000    / 317  )
35962 (11400000    / 317  )
36593 (11600000    / 317  )
37341 (11800000    / 316  )
37974 (12000000    / 316  )
38730 (12200000    / 315  )
39365 (12400000    / 315  )
40127 (12600000    / 314  )
40764 (12800000    / 314  )
41401 (13000000    / 314  )
42172 (13200000    / 313  )
42811 (13400000    / 313  )
43589 (13600000    / 312  )
44230 (13800000    / 312  )
44871 (14000000    / 312  )
45659 (14200000    / 311  )
46302 (14400000    / 311  )
46945 (14600000    / 311  )
47741 (14800000    / 310  )
48387 (15000000    / 310  )
49190 (15200000    / 309  )
49838 (15400000    / 309  )
50485 (15600000    / 309  )
51298 (15800000    / 308  )
51948 (16000000    / 308  )
52258 (16200000    / 310  )
52903 (16400000    / 310  )
53548 (16600000    / 310  )
54368 (16800000    / 309  )
55016 (17000000    / 309  )
55663 (17200000    / 309  )
56310 (17400000    / 309  )
57142 (17600000    / 308  )
57792 (17800000    / 308  )
58441 (18000000    / 308  )
59283 (18200000    / 307  )
59934 (18400000    / 307  )
60586 (18600000    / 307  )
61237 (18800000    / 307  )
62091 (19000000    / 306  )
62745 (19200000    / 306  )
63398 (19400000    / 306  )
64052 (19600000    / 306  )
64918 (19800000    / 305  )
65573 (20000000    / 305  )
66229 (20200000    / 305  )
66885 (20400000    / 305  )
67540 (20600000    / 305  )
68421 (20800000    / 304  )
69078 (21000000    / 304  )
69736 (21200000    / 304  )
70394 (21400000    / 304  )
71287 (21600000    / 303  )
71947 (21800000    / 303  )
72607 (22000000    / 303  )
73267 (22200000    / 303  )
74172 (22400000    / 302  )
74834 (22600000    / 302  )
75496 (22800000    / 302  )
76158 (23000000    / 302  )
77076 (23200000    / 301  )
77740 (23400000    / 301  )
78405 (23600000    / 301  )
79069 (23800000    / 301  )
79734 (24000000    / 301  )
80666 (24200000    / 300  )
81333 (24400000    / 300  )
82000 (24600000    / 300  )
82666 (24800000    / 300  )
83333 (25000000    / 300  )
84280 (25200000    / 299  )
84949 (25400000    / 299  )
85618 (25600000    / 299  )
86287 (25800000    / 299  )
87248 (26000000    / 298  )
87919 (26200000    / 298  )
88590 (26400000    / 298  )
89261 (26600000    / 298  )
89932 (26800000    / 298  )
90909 (27000000    / 297  )
91582 (27200000    / 297  )
92255 (27400000    / 297  )
92929 (27600000    / 297  )
93602 (27800000    / 297  )
94594 (28000000    / 296  )
95270 (28200000    / 296  )
95945 (28400000    / 296  )
96621 (28600000    / 296  )
97297 (28800000    / 296  )
97972 (29000000    / 296  )
98983 (29200000    / 295  )
99661 (29400000    / 295  )
100338 (29600000    / 295  )
101016 (29800000    / 295  )
101694 (30000000    / 295  )
102721 (30200000    / 294  )
103401 (30400000    / 294  )
104081 (30600000    / 294  )
104761 (30800000    / 294  )
105442 (31000000    / 294  )
106122 (31200000    / 294  )
107167 (31400000    / 293  )
107849 (31600000    / 293  )
108532 (31800000    / 293  )
109215 (32000000    / 293  )
109897 (32200000    / 293  )
110958 (32400000    / 292  )
111643 (32600000    / 292  )
112328 (32800000    / 292  )
113013 (33000000    / 292  )
113698 (33200000    / 292  )
114383 (33400000    / 292  )
115463 (33600000    / 291  )
116151 (33800000    / 291  )
116838 (34000000    / 291  )
117525 (34200000    / 291  )
118213 (34400000    / 291  )
118900 (34600000    / 291  )
120000 (34800000    / 290  )
120689 (35000000    / 290  )
121379 (35200000    / 290  )
122068 (35400000    / 290  )
122758 (35600000    / 290  )
123448 (35800000    / 290  )
124567 (36000000    / 289  )
125259 (36200000    / 289  )
125951 (36400000    / 289  )
126643 (36600000    / 289  )
127335 (36800000    / 289  )
128027 (37000000    / 289  )
128719 (37200000    / 289  )
129861 (37400000    / 288  )
130555 (37600000    / 288  )
131250 (37800000    / 288  )
131944 (38000000    / 288  )
132638 (38200000    / 288  )
133333 (38400000    / 288  )
134027 (38600000    / 288  )
135191 (38800000    / 287  )
135888 (39000000    / 287  )
136585 (39200000    / 287  )
137282 (39400000    / 287  )
137979 (39600000    / 287  )
138675 (39800000    / 287  )
139372 (40000000    / 287  )
140559 (40200000    / 286  )
141258 (40400000    / 286  )
141958 (40600000    / 286  )
142657 (40800000    / 286  )
143356 (41000000    / 286  )
144055 (41200000    / 286  )
144755 (41400000    / 286  )
145964 (41600000    / 285  )
146666 (41800000    / 285  )
147368 (42000000    / 285  )
148070 (42200000    / 285  )
148771 (42400000    / 285  )
149473 (42600000    / 285  )
150175 (42800000    / 285  )
151408 (43000000    / 284  )
152112 (43200000    / 284  )
152816 (43400000    / 284  )
153521 (43600000    / 284  )
154225 (43800000    / 284  )
154929 (44000000    / 284  )
155633 (44200000    / 284  )
156338 (44400000    / 284  )
157597 (44600000    / 283  )
158303 (44800000    / 283  )
159010 (45000000    / 283  )
159717 (45200000    / 283  )
160424 (45400000    / 283  )
161130 (45600000    / 283  )
161837 (45800000    / 283  )
162544 (46000000    / 283  )
163829 (46200000    / 282  )
164539 (46400000    / 282  )
165248 (46600000    / 282  )
165957 (46800000    / 282  )
166666 (47000000    / 282  )
167375 (47200000    / 282  )
168085 (47400000    / 282  )
168794 (47600000    / 282  )
170106 (47800000    / 281  )
170818 (48000000    / 281  )
171530 (48200000    / 281  )
172241 (48400000    / 281  )
172953 (48600000    / 281  )
173665 (48800000    / 281  )
174377 (49000000    / 281  )
175088 (49200000    / 281  )
175800 (49400000    / 281  )
177142 (49600000    / 280  )
177857 (49800000    / 280  )
178571 (50000000    / 280  )
345605 (106101002   / 307  )
348758 (107068922   / 307  )
351924 (108040900   / 307  )
355104 (109016944   / 307  )
358296 (109997063   / 307  )
360328 (110981267   / 308  )
363537 (111969564   / 308  )
366759 (112961963   / 308  )
369995 (113958473   / 308  )
372035 (114959103   / 309  )
375287 (115963861   / 309  )
378552 (116972757   / 309  )
381831 (117985800   / 309  )
383880 (119002998   / 310  )
387175 (120024360   / 310  )
390483 (121049896   / 310  )
393805 (122079614   / 310  )
395863 (123113523   / 311  )
399201 (124151632   / 311  )
402552 (125193950   / 311  )
405917 (126240486   / 311  )
407984 (127291249   / 312  )
411366 (128346247   / 312  )
414761 (129405490   / 312  )
418169 (130468987   / 312  )
420245 (131536746   / 313  )
423670 (132608777   / 313  )
427108 (133685088   / 313  )
430561 (134765688   / 313  )
432645 (135850586   / 314  )
402764 (136939792   / 340  )
405980 (138033314   / 340  )
408009 (139131161   / 341  )
411241 (140233342   / 341  )
413274 (141339865   / 342  )
415308 (142450741   / 343  )
418559 (143565978   / 343  )
420597 (144685584   / 344  )
423865 (145809569   / 344  )
425907 (146937942   / 345  )
427950 (148070712   / 346  )
431236 (149207887   / 346  )
433283 (150349476   / 347  )
435331 (151495490   / 348  )
438637 (152645935   / 348  )
440690 (153800822   / 349  )
442743 (154960160   / 350  )
446068 (156123957   / 350  )
448125 (157292222   / 351  )
450184 (158464965   / 352  )
453528 (159642194   / 352  )
455591 (160823918   / 353  )
457655 (162010147   / 354  )
461019 (163200889   / 354  )
463087 (164396153   / 355  )
465157 (165595948   / 356  )
468540 (166800283   / 356  )
470613 (168009168   / 357  )
472688 (169222610   / 358  )
476091 (170440620   / 358  )
478170 (171663206   / 359  )
480251 (172890377   / 360  )
483672 (174122142   / 360  )
485757 (175358510   / 361  )
487843 (176599490   / 362  )
491284 (177845091   / 362  )
493375 (179095323   / 363  )
495467 (180350193   / 364  )
497560 (181609712   / 365  )
501024 (182873887   / 365  )
503122 (184142729   / 366  )
505221 (185416246   / 367  )
508704 (186694446   / 367  )
510807 (187977340   / 368  )
512913 (189264936   / 369  )
515019 (190557244   / 370  )
518525 (191854271   / 370  )
520636 (193156027   / 371  )
522748 (194462522   / 372  )
524862 (195773764   / 373  )
528390 (197089762   / 373  )
530509 (198410525   / 374  )
532629 (199736062   / 375  )
534751 (201066383   / 376  )
538301 (202401496   / 376  )
540428 (203741411   / 377  )
542555 (205086135   / 378  )
544685 (206435679   / 379  )
548258 (207790052   / 379  )
550392 (209149262   / 380  )
552528 (210513318   / 381  )
554665 (211882230   / 382  )
556804 (213256007   / 383  )
560403 (214634657   / 383  )
562547 (216018190   / 384  )
564692 (217406614   / 385  )
566839 (218799940   / 386  )
570461 (220198174   / 386  )
572613 (221601328   / 387  )
574766 (223009410   / 388  )
576921 (224422429   / 389  )
579077 (225840393   / 390  )
581236 (227263313   / 391  )
584887 (228691196   / 391  )
587051 (230124053   / 392  )
589216 (231561892   / 393  )
591382 (233004722   / 394  )
593550 (234452553   / 395  )
597228 (235905393   / 395  )
599402 (237363251   / 396  )
601577 (238826137   / 397  )
603753 (240294060   / 398  )
605932 (241767028   / 399  )
608112 (243245051   / 400  )
610294 (244728137   / 401  )
614005 (246216297   / 401  )
616192 (247709538   / 402  )
618381 (249207870   / 403  )
620572 (250711303   / 404  )
622765 (252219844   / 405  )
624959 (253733504   / 406  )
627155 (255252291   / 407  )
630899 (256776215   / 407  )
633101 (258305284   / 408  )
635304 (259839508   / 409  )
637509 (261378895   / 410  )
639716 (262923455   / 411  )
641925 (264473197   / 412  )
644135 (266028130   / 413  )
646348 (267588263   / 414  )
650129 (269153605   / 414  )
652347 (270724165   / 415  )
654567 (272299952   / 416  )
656788 (273880976   / 417  )
659012 (275467246   / 418  )
661238 (277058770   / 419  )
663465 (278655558   / 420  )
665695 (280257618   / 421  )
667926 (281864961   / 422  )
670159 (283477594   / 423  )
672395 (285095528   / 424  )
674632 (286718771   / 425  )
676871 (288347332   / 426  )
680707 (289981221   / 426  )
682951 (291620446   / 427  )
685198 (293265017   / 428  )
687447 (294914943   / 429  )
689698 (296570233   / 430  )
691951 (298230896   / 431  )
694205 (299896941   / 432  )
696462 (301568378   / 433  )
698721 (303245215   / 434  )
700982 (304927461   / 435  )
703245 (306615126   / 436  )
705510 (308308219   / 437  )
707777 (310006749   / 438  )
710047 (311710725   / 439  )
712318 (313420156   / 440  )
714591 (315135052   / 441  )
716867 (316855421   / 442  )
719145 (318581272   / 443  )
721424 (320312616   / 444  )
723706 (322049460   / 445  )
725990 (323791814   / 446  )
728276 (325539688   / 447  )
730564 (327293090   / 448  )
732855 (329052029   / 449  )
735147 (330816515   / 450  )
737442 (332586556   / 451  )
739739 (334362163   / 452  )
742038 (336143344   / 453  )
744339 (337930108   / 454  )
746642 (339722464   / 455  )
748948 (341520422   / 456  )
751255 (343323990   / 457  )
753565 (345133178   / 458  )
755877 (346947996   / 459  )
758192 (348768451   / 460  )
760508 (350594554   / 461  )
762827 (352426313   / 462  )
765148 (354263738   / 463  )
767471 (356106838   / 464  )
769797 (357955621   / 465  )
772124 (359810098   / 466  )
774454 (361670277   / 467  )
775130 (363536168   / 469  )
777463 (365407779   / 470  )
779798 (367285120   / 471  )
782136 (369168201   / 472  )
784475 (371057029   / 473  )
786817 (372951615   / 474  )
789162 (374851967   / 475  )
791508 (376758095   / 476  )
793857 (378670008   / 477  )
796208 (380587715   / 478  )
798562 (382511225   / 479  )
800917 (384440548   / 480  )
801609 (386375692   / 482  )
803968 (388316667   / 483  )
806329 (390263482   / 484  )
808693 (392216147   / 485  )
811058 (394174670   / 486  )
813427 (396139060   / 487  )
815797 (398109327   / 488  )
818170 (400085481   / 489  )
818874 (402067529   / 491  )
821250 (404055482   / 492  )
823629 (406049348   / 493  )
826010 (408049137   / 494  )
828393 (410054858   / 495  )
830779 (412066521   / 496  )
833167 (414084134   / 497  )
835557 (416107706   / 498  )
836274 (418137247   / 500  )
838668 (420172766   / 501  )
841064 (422214273   / 502  )
843462 (424261776   / 503  )
845863 (426315284   / 504  )
848266 (428374808   / 505  )
848994 (430440355   / 507  )
851401 (432511936   / 508  )
853810 (434589559   / 509  )
856222 (436673235   / 510  )
858635 (438762971   / 511  )
859373 (440858777   / 513  )
861791 (442960663   / 514  )
864210 (445068637   / 515  )
866633 (447182709   / 516  )
869057 (449302888   / 517  )
871484 (451429184   / 518  )
872233 (453561605   / 520  )
874664 (455700161   / 521  )
877097 (457844861   / 522  )
879532 (459995714   / 523  )
880290 (462152730   / 525  )
882729 (464315917   / 526  )
885171 (466485285   / 527  )
887615 (468660844   / 528  )
890061 (470842602   / 529  )
890829 (473030568   / 531  )
893279 (475224753   / 532  )
895732 (477425164   / 533  )
898186 (479631812   / 534  )
898964 (481844706   / 536  )
901422 (484063855   / 537  )
903883 (486289267   / 538  )
906346 (488520954   / 539  )
907132 (490758922   / 541  )
909599 (493003183   / 542  )
912069 (495253745   / 543  )
1387782 (1045000000  / 753  )
1413748 (1090000000  / 771  )
1440355 (1135000000  / 788  )
1465838 (1180000000  / 805  )
1488456 (1225000000  / 823  )
1511904 (1270000000  / 840  )
1534422 (1315000000  / 857  )
1556064 (1360000000  / 874  )
1575112 (1405000000  / 892  )
1595159 (1450000000  / 909  )
1614470 (1495000000  / 926  )
1633085 (1540000000  / 943  )
1649323 (1585000000  / 961  )
1666666 (1630000000  / 978  )
1683417 (1675000000  / 995  )
1699604 (1720000000  / 1012 )
1715257 (1765000000  / 1029 )
1730401 (1810000000  / 1046 )
1745061 (1855000000  / 1063 )
1759259 (1900000000  / 1080 )
1773017 (1945000000  / 1097 )
1786355 (1990000000  / 1114 )
1799292 (2035000000  / 1131 )
1811846 (2080000000  / 1148 )
1824034 (2125000000  / 1165 )
1835871 (2170000000  / 1182 )
1847372 (2215000000  / 1199 )
1858552 (2260000000  / 1216 )
1870941 (2305000000  / 1232 )
1881505 (2350000000  / 1249 )
1629251 (2395000000  / 1470 )
1623419 (2440000000  / 1503 )
1617838 (2485000000  / 1536 )
1613520 (2530000000  / 1568 )
1608369 (2575000000  / 1601 )
1604409 (2620000000  / 1633 )
1600600 (2665000000  / 1665 )
1595995 (2710000000  / 1698 )
1592485 (2755000000  / 1730 )
1589103 (2800000000  / 1762 )
1585841 (2845000000  / 1794 )
1581828 (2890000000  / 1827 )
1578805 (2935000000  / 1859 )
1575885 (2980000000  / 1891 )
1573062 (3025000000  / 1923 )
1570332 (3070000000  / 1955 )
1567689 (3115000000  / 1987 )
1565131 (3160000000  / 2019 )
1562652 (3205000000  / 2051 )
1560999 (3250000000  / 2082 )
1558656 (3295000000  / 2114 )
1556383 (3340000000  / 2146 )
1554178 (3385000000  / 2178 )
1552738 (3430000000  / 2209 )
1550647 (3475000000  / 2241 )
1548614 (3520000000  / 2273 )
1547309 (3565000000  / 2304 )
1545376 (3610000000  / 2336 )
1544148 (3655000000  / 2367 )
1542309 (3700000000  / 2399 )
1541152 (3745000000  / 2430 )
1540024 (3790000000  / 2461 )
1538307 (3835000000  / 2493 )
1537242 (3880000000  / 2524 )
1536203 (3925000000  / 2555 )
1535189 (3970000000  / 2586 )
1533613 (4015000000  / 2618 )
1532653 (4060000000  / 2649 )
1531716 (4105000000  / 2680 )
1530800 (4150000000  / 2711 )
1529905 (4195000000  / 2742 )
1529029 (4240000000  / 2773 )
1528174 (4285000000  / 2804 )
1527336 (4330000000  / 2835 )
1527050 (4375000000  / 2865 )
1526243 (4420000000  / 2896 )
1525452 (4465000000  / 2927 )
1524678 (4510000000  / 2958 )
1524431 (4555000000  / 2988 )
1523683 (4600000000  / 3019 )
1522950 (4645000000  / 3050 )
1522727 (4690000000  / 3080 )
1522018 (4735000000  / 3111 )
1521808 (4780000000  / 3141 )
1521122 (4825000000  / 3172 )
1520924 (4870000000  / 3202 )
1520259 (4915000000  / 3233 )
1520073 (4960000000  / 3263 )
1519890 (5005000000  / 3293 )
1519253 (5050000000  / 3324 )
1519081 (5095000000  / 3354 )
1518912 (5140000000  / 3384 )
1518746 (5185000000  / 3414 )
1518583 (5230000000  / 3444 )
1517985 (5275000000  / 3475 )
1517831 (5320000000  / 3505 )
1517680 (5365000000  / 3535 )
1517531 (5410000000  / 3565 )
1517385 (5455000000  / 3595 )
1517241 (5500000000  / 3625 )
1517515 (5545000000  / 3654 )
1517372 (5590000000  / 3684 )
1517232 (5635000000  / 3714 )
1517094 (5680000000  / 3744 )
1516958 (5725000000  / 3774 )
1517223 (5770000000  / 3803 )
1517088 (5815000000  / 3833 )
1516955 (5860000000  / 3863 )
1517214 (5905000000  / 3892 )
1517083 (5950000000  / 3922 )
1517337 (5995000000  / 3951 )
1517206 (6040000000  / 3981 )
1517456 (6085000000  / 4010 )
1517326 (6130000000  / 4040 )
1517571 (6175000000  / 4069 )
1517443 (6220000000  / 4099 )
1517684 (6265000000  / 4128 )
1517921 (6310000000  / 4157 )
1517793 (6355000000  / 4187 )
1518026 (6400000000  / 4216 )
1518256 (6445000000  / 4245 )
1518483 (6490000000  / 4274 )
1518707 (6535000000  / 4303 )
1518928 (6580000000  / 4332 )
1519146 (6625000000  / 4361 )
1519362 (6670000000  / 4390 )
1519574 (6715000000  / 4419 )
1519784 (6760000000  / 4448 )
1519991 (6805000000  / 4477 )
1520195 (6850000000  / 4506 )
1520396 (6895000000  / 4535 )
1520595 (6940000000  / 4564 )
1520792 (6985000000  / 4593 )
1520986 (7030000000  / 4622 )
1521505 (7075000000  / 4650 )
1521692 (7120000000  / 4679 )
1521877 (7165000000  / 4708 )
1522381 (7210000000  / 4736 )
1522560 (7255000000  / 4765 )
1522736 (7300000000  / 4794 )
1523226 (7345000000  / 4822 )
1523397 (7390000000  / 4851 )
1523877 (7435000000  / 4879 )
1524042 (7480000000  / 4908 )
1524513 (7525000000  / 4936 )
1524979 (7570000000  / 4964 )
1525135 (7615000000  / 4993 )
1525592 (7660000000  / 5021 )
1526044 (7705000000  / 5049 )
1526191 (7750000000  / 5078 )
1526635 (7795000000  / 5106 )
1527074 (7840000000  / 5134 )
1527508 (7885000000  / 5162 )
1527938 (7930000000  / 5190 )
1528363 (7975000000  / 5218 )
1528783 (8020000000  / 5246 )
1528909 (8065000000  / 5275 )
1529323 (8110000000  / 5303 )
1529731 (8155000000  / 5331 )
1530421 (8200000000  / 5358 )
1530820 (8245000000  / 5386 )
1531215 (8290000000  / 5414 )
1531606 (8335000000  / 5442 )
1531992 (8380000000  / 5470 )
1532375 (8425000000  / 5498 )
1532754 (8470000000  / 5526 )
1533405 (8515000000  / 5553 )
1533775 (8560000000  / 5581 )
1534141 (8605000000  / 5609 )
1534776 (8650000000  / 5636 )
1535134 (8695000000  / 5664 )
1535488 (8740000000  / 5692 )
1536107 (8785000000  / 5719 )
1536453 (8830000000  / 5747 )
1537062 (8875000000  / 5774 )
1537400 (8920000000  / 5802 )
1537999 (8965000000  / 5829 )
1538330 (9010000000  / 5857 )
1538919 (9055000000  / 5884 )
1539502 (9100000000  / 5911 )
1539821 (9145000000  / 5939 )
1540395 (9190000000  / 5966 )
1540964 (9235000000  / 5993 )
1541528 (9280000000  / 6020 )
1541832 (9325000000  / 6048 )
1542386 (9370000000  / 6075 )
1542936 (9415000000  / 6102 )
1543481 (9460000000  / 6129 )
1544022 (9505000000  / 6156 )
1544557 (9550000000  / 6183 )
1545088 (9595000000  / 6210 )
1545614 (9640000000  / 6237 )
1546136 (9685000000  / 6264 )
1546653 (9730000000  / 6291 )
1547166 (9775000000  / 6318 )
1547675 (9820000000  / 6345 )
1548179 (9865000000  / 6372 )
1548679 (9910000000  / 6399 )
1549175 (9955000000  / 6426 )
1549666 (10000000000 / 6453 )
2001324 (19010585314 / 9499 )
2019132 (19599715635 / 9707 )
2036324 (20194226100 / 9917 )
2053134 (20794150393 / 10128)
2069386 (21399522310 / 10341)
2085105 (22010375765 / 10556)
2100514 (22626744785 / 10772)
2115437 (23248663513 / 10990)
2129898 (23876166205 / 11210)
2144107 (24509287235 / 11431)
2157890 (25148061089 / 11654)
2171453 (25792522371 / 11878)
2184625 (26442705797 / 12104)
2197425 (27098646201 / 12332)
2209869 (27760378532 / 12562)
2222147 (28427937853 / 12793)
2234097 (29101359343 / 13026)
2245733 (29780678298 / 13261)
2257237 (30465930127 / 13497)
2268449 (31157150357 / 13735)
2279382 (31854374629 / 13975)
2290049 (32557638702 / 14217)
2300620 (33266978448 / 14460)
2310943 (33982429857 / 14705)
2321029 (34704029034 / 14952)
2330886 (35431812201 / 15201)
2340526 (36165815694 / 15452)
2350106 (36906075968 / 15704)
2359482 (37652629591 / 15958)
2368663 (38405513251 / 16214)
2014337 (39164763750 / 19443)
2008370 (39930418006 / 19882)
2002780 (40702513055 / 20323)
1997259 (41481086048 / 20769)
1991996 (42266174255 / 21218)
1986978 (43057815059 / 21670)
1982104 (43856045963 / 22126)
1977458 (44660904584 / 22585)
1972944 (45472428660 / 23048)
1968558 (46290656041 / 23515)
1964378 (47115624696 / 23985)
1960396 (47947372713 / 24458)
1956446 (48785938294 / 24936)
1952683 (49631359760 / 25417)
1949026 (50483675548 / 25902)
1945544 (51342924212 / 26390)
1942159 (52209144426 / 26882)
1938869 (53082374978 / 27378)
1935671 (53962654776 / 27878)
