3     (15000       / 5000   )
4     (20000       / 5000   )
4     (25000       / 5001   )
5     (30000       / 5001   )
6     (35000       / 5001   )
7     (40000       / 5001   )
8     (45000       / 5001   )
9     (50000       / 5001   )
10    (55000       / 5001   )
11    (60000       / 5001   )
31    (65000       / 2071   )
19    (70000       / 3660   )
14    (75000       / 5002   )
12    (80000       / 6182   )
11    (85000       / 7250   )
10    (90000       / 8232   )
10    (95000       / 9145   )
9     (100000      / 10004  )
9     (105000      / 10815  )
9     (110000      / 11587  )
9     (115000      / 12325  )
9     (120000      / 13032  )
9     (125000      / 13716  )
9     (130000      / 14373  )
8     (135000      / 15009  )
8     (140000      / 15624  )
8     (145000      / 16222  )
8     (150000      / 16804  )
8     (155000      / 17371  )
8     (160000      / 17923  )
8     (165000      / 18463  )
8     (170000      / 18990  )
8     (175000      / 19510  )
8     (180000      / 20016  )
9     (185000      / 20511  )
9     (190000      / 20997  )
9     (195000      / 21474  )
9     (200000      / 21943  )
9     (205000      / 22404  )
9     (210000      / 22857  )
9     (215000      / 23302  )
9     (220000      / 23741  )
9     (225000      / 24178  )
9     (230000      / 24604  )
9     (235000      / 25025  )
9     (240000      / 25439  )
9     (245000      / 25847  )
9     (250000      / 26251  )
9     (255000      / 26649  )
9     (260000      / 27042  )
9     (265000      / 27431  )
9     (270000      / 27814  )
9     (275000      / 28200  )
9     (280000      / 28575  )
9     (285000      / 28946  )
9     (290000      / 29313  )
9     (295000      / 29676  )
9     (300000      / 30036  )
10    (305000      / 30391  )
10    (310000      / 30743  )
10    (315000      / 31092  )
10    (320000      / 31438  )
10    (325000      / 31786  )
10    (330000      / 32125  )
10    (335000      / 32461  )
10    (340000      / 32795  )
10    (345000      / 33125  )
10    (350000      / 33452  )
10    (355000      / 33777  )
10    (360000      / 34098  )
10    (365000      / 34418  )
10    (370000      / 34734  )
10    (375000      / 35056  )
10    (380000      / 35367  )
10    (385000      / 35677  )
10    (390000      / 35984  )
10    (395000      / 36289  )
10    (400000      / 36591  )
10    (405000      / 36891  )
11    (410000      / 37190  )
11    (415000      / 37486  )
11    (420000      / 37780  )
11    (425000      / 38080  )
11    (430000      / 38370  )
11    (435000      / 38658  )
11    (440000      / 38944  )
11    (445000      / 39229  )
11    (450000      / 39511  )
11    (455000      / 39792  )
11    (460000      / 40112  )
11    (465000      / 40389  )
11    (470000      / 40665  )
11    (475000      / 40940  )
11    (480000      / 41221  )
11    (485000      / 41492  )
11    (490000      / 41761  )
11    (495000      / 42029  )
11    (500000      / 42296  )
11    (505000      / 42569  )
11    (510000      / 42833  )
22    (967991      / 43130  )
22    (982367      / 43399  )
22    (996815      / 43659  )
23    (1011336     / 43917  )
23    (1025929     / 44183  )
23    (1040595     / 44438  )
23    (1055335     / 44693  )
23    (1070149     / 44955  )
24    (1085037     / 45207  )
24    (1100000     / 45457  )
24    (1115037     / 45715  )
24    (1130150     / 45964  )
24    (1145339     / 46210  )
24    (1160603     / 46456  )
25    (1175945     / 46710  )
25    (1191363     / 46954  )
25    (1206858     / 47196  )
25    (1222431     / 47446  )
25    (1238082     / 47687  )
26    (1253811     / 47926  )
26    (1269619     / 48173  )
26    (1285506     / 48410  )
26    (1301472     / 48646  )
26    (1317518     / 48891  )
27    (1333644     / 49125  )
27    (1349851     / 49358  )
27    (1366138     / 49599  )
27    (1382506     / 49830  )
27    (1398956     / 50060  )
28    (1415488     / 50300  )
28    (1432102     / 50528  )
28    (1448798     / 50755  )
28    (1465577     / 50991  )
28    (1482439     / 51217  )
29    (1499385     / 51441  )
29    (1516415     / 51675  )
29    (1533529     / 51898  )
29    (1550727     / 52120  )
29    (1568010     / 52352  )
30    (1585379     / 52572  )
30    (1602833     / 52802  )
30    (1620373     / 53020  )
30    (1637998     / 53238  )
30    (1655711     / 53466  )
31    (1673510     / 53682  )
31    (1691397     / 53898  )
31    (1709371     / 54123  )
31    (1727432     / 54337  )
31    (1745582     / 54550  )
32    (1763820     / 54774  )
32    (1782147     / 54985  )
32    (1800563     / 55207  )
32    (1819068     / 55418  )
33    (1837664     / 55627  )
33    (1856349     / 55847  )
33    (1875124     / 56055  )
33    (1893990     / 56274  )
33    (1912947     / 56481  )
34    (1931995     / 56687  )
34    (1951135     / 56903  )
34    (1970366     / 57108  )
34    (1989690     / 57312  )
34    (2009106     / 57527  )
35    (2028615     / 57730  )
35    (2048217     / 57944  )
35    (2067913     / 58145  )
35    (2087702     / 58346  )
35    (2107585     / 58558  )
36    (2127562     / 58758  )
36    (2147634     / 58968  )
36    (2167801     / 59167  )
36    (2188063     / 59377  )
37    (2208420     / 59574  )
37    (2228873     / 59771  )
37    (2249422     / 59979  )
37    (2270068     / 60174  )
37    (2290810     / 60381  )
38    (2311649     / 60576  )
38    (2332586     / 60781  )
38    (2353619     / 60975  )
38    (2374751     / 61168  )
39    (2395981     / 61372  )
39    (2417309     / 61564  )
39    (2438735     / 61767  )
39    (2460261     / 61958  )
39    (2481886     / 62160  )
40    (2503610     / 62350  )
40    (2525434     / 62539  )
40    (2547358     / 62740  )
40    (2569383     / 62928  )
41    (2591508     / 63128  )
41    (2613734     / 63315  )
41    (2636061     / 63514  )
41    (2658490     / 63700  )
41    (2681020     / 63898  )
42    (2703653     / 64083  )
42    (2726387     / 64281  )
42    (2749225     / 64465  )
42    (2772165     / 64661  )
43    (2795208     / 64844  )
43    (2818354     / 65027  )
43    (2841605     / 65222  )
43    (2864959     / 65404  )
44    (2888417     / 65599  )
44    (2911980     / 65780  )
44    (2935648     / 65973  )
44    (2959420     / 66153  )
44    (2983298     / 66346  )
45    (3007281     / 66525  )
45    (3031370     / 66717  )
45    (3055566     / 66895  )
45    (3079867     / 67086  )
46    (3104275     / 67264  )
46    (3128790     / 67454  )
46    (3153412     / 67631  )
46    (3178142     / 67821  )
47    (3202979     / 67996  )
47    (3227924     / 68185  )
47    (3252977     / 68360  )
47    (3278139     / 68548  )
48    (3303409     / 68723  )
48    (3328789     / 68910  )
48    (3354277     / 69084  )
48    (3379875     / 69270  )
49    (3405583     / 69457  )
49    (3431400     / 69629  )
49    (3457328     / 69815  )
49    (3483366     / 69986  )
50    (3509515     / 70171  )
50    (3535776     / 70342  )
50    (3562147     / 70526  )
50    (3588630     / 70696  )
51    (3615224     / 70880  )
51    (3641931     / 71050  )
51    (3668750     / 71233  )
51    (3695681     / 71401  )
52    (3722725     / 71584  )
52    (3749882     / 71766  )
52    (3777152     / 71933  )
52    (3804536     / 72115  )
53    (3832033     / 72282  )
53    (3859645     / 72462  )
53    (3887371     / 72629  )
53    (3915211     / 72809  )
54    (3943166     / 72989  )
54    (3971236     / 73154  )
54    (3999421     / 73333  )
54    (4027722     / 73498  )
55    (4056138     / 73676  )
55    (4084670     / 73840  )
55    (4113319     / 74019  )
55    (4142084     / 74196  )
56    (4170965     / 74359  )
56    (4199964     / 74537  )
56    (4229079     / 74699  )
56    (4258312     / 74876  )
57    (4287663     / 75052  )
57    (4317131     / 75214  )
57    (4346718     / 75389  )
57    (4376423     / 75550  )
58    (4406247     / 75726  )
58    (4436189     / 75901  )
58    (4466250     / 76061  )
58    (4496431     / 76235  )
59    (4526731     / 76395  )
59    (4557152     / 76569  )
59    (4587692     / 76742  )
60    (4618352     / 76901  )
60    (4649133     / 77074  )
60    (4680034     / 77247  )
60    (4711056     / 77405  )
61    (4742200     / 77577  )
61    (4773465     / 77734  )
61    (4804851     / 77906  )
61    (4836360     / 78078  )
62    (4867990     / 78234  )
62    (4899743     / 78405  )
62    (4931619     / 78577  )
63    (4963617     / 78732  )
63    (4995738     / 78902  )
63    (5027982     / 79073  )
63    (5060350     / 79227  )
64    (5092842     / 79397  )
64    (5125457     / 79567  )
64    (5158197     / 79721  )
64    (5191061     / 79890  )
65    (5224050     / 80059  )
65    (5257163     / 80212  )
65    (5290402     / 80380  )
65    (5323765     / 81258  )
65    (5357255     / 81443  )
66    (5390870     / 81628  )
66    (5424611     / 81829  )
66    (5458478     / 82014  )
66    (5492471     / 82198  )
67    (5526591     / 82399  )
67    (5560838     / 82583  )
67    (5595212     / 82768  )
67    (5629714     / 82968  )
68    (5664342     / 83152  )
121   (10200000    / 84075  )
123   (10400000    / 84293  )
125   (10600000    / 84510  )
127   (10800000    / 84727  )
129   (11000000    / 84944  )
131   (11200000    / 85161  )
133   (11400000    / 85379  )
135   (11600000    / 85596  )
137   (11800000    / 85813  )
139   (12000000    / 86030  )
141   (12200000    / 86247  )
143   (12400000    / 86464  )
145   (12600000    / 86681  )
147   (12800000    / 86898  )
149   (13000000    / 87115  )
151   (13200000    / 87332  )
153   (13400000    / 87549  )
154   (13600000    / 87766  )
156   (13800000    / 87982  )
158   (14000000    / 88199  )
160   (14200000    / 88416  )
162   (14400000    / 88633  )
164   (14600000    / 88850  )
166   (14800000    / 89067  )
168   (15000000    / 89283  )
169   (15200000    / 89500  )
171   (15400000    / 89717  )
173   (15600000    / 89934  )
175   (15800000    / 90151  )
177   (16000000    / 90367  )
178   (16200000    / 90584  )
180   (16400000    / 90801  )
182   (16600000    / 91018  )
184   (16800000    / 91234  )
185   (17000000    / 91451  )
187   (17200000    / 91668  )
189   (17400000    / 91884  )
191   (17600000    / 92101  )
192   (17800000    / 92318  )
194   (18000000    / 92534  )
196   (18200000    / 92751  )
197   (18400000    / 92968  )
199   (18600000    / 93184  )
201   (18800000    / 93401  )
202   (19000000    / 93618  )
204   (19200000    / 93834  )
206   (19400000    / 94051  )
207   (19600000    / 94268  )
209   (19800000    / 94484  )
211   (20000000    / 94701  )
212   (20200000    / 94918  )
214   (20400000    / 95135  )
216   (20600000    / 95351  )
217   (20800000    / 95568  )
219   (21000000    / 95785  )
220   (21200000    / 96001  )
222   (21400000    / 96218  )
223   (21600000    / 96435  )
225   (21800000    / 96651  )
227   (22000000    / 96868  )
228   (22200000    / 97085  )
230   (22400000    / 97301  )
231   (22600000    / 97518  )
233   (22800000    / 97735  )
234   (23000000    / 97952  )
236   (23200000    / 98168  )
237   (23400000    / 98385  )
239   (23600000    / 98602  )
240   (23800000    / 98819  )
242   (24000000    / 99036  )
243   (24200000    / 99252  )
245   (24400000    / 99469  )
246   (24600000    / 99686  )
248   (24800000    / 99903  )
249   (25000000    / 100120 )
251   (25200000    / 100336 )
252   (25400000    / 100553 )
254   (25600000    / 100770 )
255   (25800000    / 100987 )
256   (26000000    / 101204 )
258   (26200000    / 101421 )
259   (26400000    / 101638 )
261   (26600000    / 101855 )
262   (26800000    / 102072 )
263   (27000000    / 102289 )
265   (27200000    / 102506 )
266   (27400000    / 102723 )
268   (27600000    / 102940 )
269   (27800000    / 103157 )
270   (28000000    / 103374 )
272   (28200000    / 103591 )
273   (28400000    / 103808 )
274   (28600000    / 104025 )
276   (28800000    / 104242 )
277   (29000000    / 104459 )
278   (29200000    / 104677 )
280   (29400000    / 104894 )
281   (29600000    / 105111 )
282   (29800000    / 105328 )
284   (30000000    / 105545 )
285   (30200000    / 105763 )
286   (30400000    / 105980 )
288   (30600000    / 106197 )
289   (30800000    / 106415 )
290   (31000000    / 106632 )
292   (31200000    / 106849 )
293   (31400000    / 107067 )
294   (31600000    / 107284 )
295   (31800000    / 107502 )
297   (32000000    / 107719 )
298   (32200000    / 107936 )
299   (32400000    / 108154 )
300   (32600000    / 108371 )
302   (32800000    / 108589 )
303   (33000000    / 108807 )
304   (33200000    / 109024 )
305   (33400000    / 109242 )
306   (33600000    / 109460 )
308   (33800000    / 109677 )
309   (34000000    / 109895 )
310   (34200000    / 110113 )
311   (34400000    / 110330 )
312   (34600000    / 110548 )
314   (34800000    / 110766 )
315   (35000000    / 110984 )
316   (35200000    / 111202 )
317   (35400000    / 111420 )
318   (35600000    / 111638 )
320   (35800000    / 111856 )
321   (36000000    / 112073 )
322   (36200000    / 112292 )
323   (36400000    / 112510 )
324   (36600000    / 112728 )
325   (36800000    / 112946 )
326   (37000000    / 113164 )
328   (37200000    / 113382 )
329   (37400000    / 113600 )
330   (37600000    / 113818 )
331   (37800000    / 114037 )
332   (38000000    / 114255 )
333   (38200000    / 114473 )
334   (38400000    / 114692 )
335   (38600000    / 114910 )
337   (38800000    / 115128 )
338   (39000000    / 115347 )
339   (39200000    / 115565 )
340   (39400000    / 115784 )
341   (39600000    / 116002 )
342   (39800000    / 116221 )
343   (40000000    / 116440 )
344   (40200000    / 116658 )
345   (40400000    / 116877 )
346   (40600000    / 117096 )
347   (40800000    / 117314 )
348   (41000000    / 117533 )
349   (41200000    / 117752 )
350   (41400000    / 117971 )
351   (41600000    / 118190 )
353   (41800000    / 118408 )
354   (42000000    / 118627 )
355   (42200000    / 118846 )
356   (42400000    / 119065 )
357   (42600000    / 119284 )
358   (42800000    / 119504 )
359   (43000000    / 119723 )
360   (43200000    / 119942 )
361   (43400000    / 120161 )
362   (43600000    / 120380 )
363   (43800000    / 120600 )
364   (44000000    / 120819 )
365   (44200000    / 121038 )
366   (44400000    / 121258 )
367   (44600000    / 121477 )
368   (44800000    / 121696 )
369   (45000000    / 121916 )
370   (45200000    / 122135 )
371   (45400000    / 122355 )
372   (45600000    / 122575 )
372   (45800000    / 122794 )
373   (46000000    / 123014 )
374   (46200000    / 123234 )
375   (46400000    / 123453 )
376   (46600000    / 123673 )
377   (46800000    / 123893 )
378   (47000000    / 124113 )
379   (47200000    / 124333 )
380   (47400000    / 124553 )
381   (47600000    / 124773 )
382   (47800000    / 124993 )
350   (48000000    / 136914 )
351   (48200000    / 137293 )
351   (48400000    / 137694 )
351   (48600000    / 138096 )
352   (48800000    / 138476 )
352   (49000000    / 138878 )
353   (49200000    / 139281 )
353   (49400000    / 139683 )
354   (49600000    / 140087 )
354   (49800000    / 140490 )
354   (50000000    / 140894 )
692   (106101002   / 153139 )
696   (107068922   / 153726 )
700   (108040900   / 154313 )
703   (109016944   / 154902 )
707   (109997063   / 155491 )
711   (110981267   / 156081 )
714   (111969564   / 156671 )
718   (112961963   / 157284 )
721   (113958473   / 157876 )
725   (114959103   / 158469 )
728   (115963861   / 159084 )
732   (116972757   / 159700 )
736   (117985800   / 160295 )
739   (119002998   / 160912 )
743   (120024360   / 161530 )
746   (121049896   / 162149 )
750   (122079614   / 162769 )
753   (123113523   / 163389 )
756   (124151632   / 164032 )
760   (125193950   / 164654 )
763   (126240486   / 165276 )
767   (127291249   / 165921 )
770   (128346247   / 166546 )
773   (129405490   / 167192 )
777   (130468987   / 167840 )
780   (131536746   / 168488 )
784   (132608777   / 169115 )
787   (133685088   / 169765 )
790   (134765688   / 170438 )
794   (135850586   / 171089 )
797   (136939792   / 171741 )
800   (138033314   / 172394 )
803   (139131161   / 173070 )
807   (140233342   / 173725 )
810   (141339865   / 174402 )
813   (142450741   / 175080 )
816   (143565978   / 175738 )
820   (144685584   / 176418 )
823   (145809569   / 177098 )
826   (146937942   / 177780 )
829   (148070712   / 178462 )
832   (149207887   / 179168 )
835   (150349476   / 179852 )
839   (151495490   / 180537 )
842   (152645935   / 181244 )
845   (153800822   / 181953 )
848   (154960160   / 182641 )
851   (156123957   / 183351 )
854   (157292222   / 184063 )
857   (158464965   / 184775 )
860   (159642194   / 185488 )
863   (160823918   / 186202 )
866   (162010147   / 186917 )
869   (163200889   / 187655 )
872   (164396153   / 188371 )
875   (165595948   / 189089 )
878   (166800283   / 189830 )
881   (168009168   / 190571 )
884   (169222610   / 191291 )
887   (170440620   / 192035 )
890   (171663206   / 192779 )
893   (172890377   / 193524 )
896   (174122142   / 194270 )
899   (175358510   / 195040 )
901   (176599490   / 195788 )
904   (177845091   / 196536 )
907   (179095323   / 197309 )
910   (180350193   / 198082 )
913   (181609712   / 198834 )
916   (182873887   / 199609 )
918   (184142729   / 200385 )
921   (185416246   / 201162 )
924   (186694446   / 201940 )
927   (187977340   / 202718 )
929   (189264936   / 203521 )
932   (190557244   / 204302 )
935   (191854271   / 205083 )
938   (193156027   / 205889 )
940   (194462522   / 206695 )
943   (195773764   / 207479 )
946   (197089762   / 208288 )
948   (198410525   / 209097 )
951   (199736062   / 209907 )
954   (201066383   / 210718 )
956   (202401496   / 211554 )
959   (203741411   / 212367 )
962   (205086135   / 213181 )
964   (206435679   / 214019 )
967   (207790052   / 214835 )
969   (209149262   / 215675 )
972   (210513318   / 216516 )
974   (211882230   / 217358 )
977   (213256007   / 218201 )
979   (214634657   / 219045 )
982   (216018190   / 219890 )
984   (217406614   / 220759 )
987   (218799940   / 221606 )
989   (220198174   / 222477 )
992   (221601328   / 223327 )
994   (223009410   / 224200 )
997   (224422429   / 225074 )
999   (225840393   / 225949 )
1001  (227263313   / 226826 )
1004  (228691196   / 227703 )
1006  (230124053   / 228582 )
1009  (231561892   / 229461 )
1011  (233004722   / 230365 )
1013  (234452553   / 231247 )
1016  (235905393   / 232153 )
1018  (237363251   / 233036 )
1020  (238826137   / 233944 )
1023  (240294060   / 234853 )
1025  (241767028   / 235764 )
1027  (243245051   / 236675 )
1029  (244728137   / 237611 )
1032  (246216297   / 238524 )
1034  (247709538   / 239439 )
1036  (249207870   / 240378 )
1039  (250711303   / 241294 )
1041  (252219844   / 242236 )
1043  (253733504   / 243178 )
1045  (255252291   / 244122 )
1047  (256776215   / 245066 )
1049  (258305284   / 246012 )
1052  (259839508   / 246958 )
1054  (261378895   / 247930 )
1056  (262923455   / 248879 )
1058  (264473197   / 249853 )
1060  (266028130   / 250828 )
1062  (267588263   / 251780 )
1064  (269153605   / 252757 )
1066  (270724165   / 253736 )
1069  (272299952   / 254715 )
1071  (273880976   / 255720 )
1073  (275467246   / 256701 )
1075  (277058770   / 257684 )
1077  (278655558   / 258692 )
1079  (280257618   / 259677 )
1081  (281864961   / 260687 )
1083  (283477594   / 261698 )
1085  (285095528   / 262711 )
1087  (286718771   / 263725 )
1089  (288347332   / 264739 )
1091  (289981221   / 265755 )
1093  (291620446   / 266796 )
1095  (293265017   / 267815 )
1096  (294914943   / 268858 )
1098  (296570233   / 269903 )
1100  (298230896   / 270925 )
1102  (299896941   / 271972 )
1104  (301568378   / 273020 )
1106  (303245215   / 274069 )
1108  (304927461   / 275144 )
1110  (306615126   / 276196 )
1111  (308308219   / 277274 )
1113  (310006749   / 278328 )
1115  (311710725   / 279408 )
1117  (313420156   / 280488 )
1119  (315135052   / 281546 )
1121  (316855421   / 282629 )
1122  (318581272   / 283739 )
1124  (320312616   / 284824 )
1126  (322049460   / 285911 )
1128  (323791814   / 287024 )
1129  (325539688   / 288113 )
1131  (327293090   / 289229 )
1133  (329052029   / 290345 )
1135  (330816515   / 291463 )
1136  (332586556   / 292582 )
1138  (334362163   / 293702 )
1140  (336143344   / 294823 )
1141  (337930108   / 295945 )
1143  (339722464   / 297094 )
1145  (341520422   / 298219 )
1146  (343323990   / 299370 )
1148  (345133178   / 300522 )
1150  (346947996   / 301676 )
1151  (348768451   / 302831 )
1153  (350594554   / 303987 )
1154  (352426313   / 305144 )
1156  (354263738   / 306328 )
1158  (356106838   / 307487 )
1159  (357955621   / 308674 )
1161  (359810098   / 309836 )
1162  (361670277   / 311025 )
1164  (363536168   / 312214 )
1165  (365407779   / 313406 )
1167  (367285120   / 314623 )
1168  (369168201   / 315817 )
1170  (371057029   / 317012 )
1171  (372951615   / 318233 )
1173  (374851967   / 319431 )
1174  (376758095   / 320655 )
1176  (378670008   / 321880 )
1177  (380587715   / 323107 )
1179  (382511225   / 324335 )
1180  (384440548   / 325564 )
1182  (386375692   / 326820 )
1183  (388316667   / 328052 )
1185  (390263482   / 329311 )
1186  (392216147   / 330570 )
1187  (394174670   / 331806 )
1189  (396139060   / 333069 )
1190  (398109327   / 334333 )
1192  (400085481   / 335598 )
1193  (402067529   / 336890 )
1194  (404055482   / 338158 )
1196  (406049348   / 339452 )
1197  (408049137   / 340723 )
1198  (410054858   / 342020 )
1200  (412066521   / 343319 )
1201  (414084134   / 344619 )
1202  (416107706   / 345921 )
1204  (418137247   / 347223 )
1205  (420172766   / 348553 )
1206  (422214273   / 349859 )
1208  (424261776   / 351191 )
1209  (426315284   / 352525 )
1210  (428374808   / 353861 )
1211  (430440355   / 355197 )
1213  (432511936   / 356535 )
1214  (434589559   / 357875 )
1215  (436673235   / 359216 )
1216  (438762971   / 360584 )
1218  (440858777   / 361928 )
1219  (442960663   / 363299 )
1220  (445068637   / 364671 )
1221  (447182709   / 366045 )
1222  (449302888   / 367420 )
1224  (451429184   / 368796 )
1225  (453561605   / 370174 )
1226  (455700161   / 371579 )
1227  (457844861   / 372960 )
1228  (459995714   / 374368 )
1229  (462152730   / 375778 )
1230  (464315917   / 377189 )
1232  (466485285   / 378602 )
1233  (468660844   / 380016 )
1234  (470842602   / 381431 )
900   (473030568   / 525426 )
883   (475224753   / 538098 )
866   (477425164   / 550786 )
851   (479631812   / 563492 )
836   (481844706   / 576214 )
821   (484063855   / 588954 )
808   (486289267   / 601711 )
794   (488520954   / 614512 )
782   (490758922   / 627303 )
770   (493003183   / 640137 )
758   (495253745   / 652963 )
1290  (1045000000  / 809494 )
1307  (1090000000  / 833692 )
1322  (1135000000  / 857923 )
1337  (1180000000  / 882186 )
1351  (1225000000  / 906482 )
1364  (1270000000  / 930811 )
1376  (1315000000  / 955172 )
1388  (1360000000  / 979566 )
1399  (1405000000  / 1003992)
1409  (1450000000  / 1028450)
1419  (1495000000  / 1052941)
1429  (1540000000  / 1077464)
1438  (1585000000  / 1102019)
1446  (1630000000  / 1126607)
1454  (1675000000  / 1151227)
1462  (1720000000  / 1175879)
1470  (1765000000  / 1200563)
1477  (1810000000  / 1225280)
1483  (1855000000  / 1250028)
1490  (1900000000  / 1274809)
1496  (1945000000  / 1299622)
1502  (1990000000  / 1324467)
1508  (2035000000  / 1349343)
1513  (2080000000  / 1374252)
1518  (2125000000  / 1399193)
1523  (2170000000  / 1424165)
1528  (2215000000  / 1449170)
1533  (2260000000  / 1474206)
1537  (2305000000  / 1499274)
1541  (2350000000  / 1524374)
1545  (2395000000  / 1549505)
1549  (2440000000  / 1574669)
1553  (2485000000  / 1599864)
1556  (2530000000  / 1625090)
1560  (2575000000  / 1650348)
1563  (2620000000  / 1675638)
1566  (2665000000  / 1700960)
1569  (2710000000  / 1726313)
1572  (2755000000  / 1751697)
1575  (2800000000  / 1777113)
1578  (2845000000  / 1802560)
1580  (2890000000  / 1828039)
1583  (2935000000  / 1853550)
1585  (2980000000  / 1879091)
1588  (3025000000  / 1904664)
1590  (3070000000  / 1930268)
1592  (3115000000  / 1955904)
1594  (3160000000  / 1981570)
1596  (3205000000  / 2007268)
1598  (3250000000  / 2032997)
1600  (3295000000  / 2058758)
1602  (3340000000  / 2084549)
1603  (3385000000  / 2110372)
1605  (3430000000  / 2136225)
1607  (3475000000  / 2162110)
1608  (3520000000  / 2188025)
1610  (3565000000  / 2213972)
1611  (3610000000  / 2239950)
1613  (3655000000  / 2265958)
1614  (3700000000  / 2291998)
1615  (3745000000  / 2318068)
1616  (3790000000  / 2344169)
1617  (3835000000  / 2370301)
1619  (3880000000  / 2396464)
1620  (3925000000  / 2422657)
1621  (3970000000  / 2448882)
1622  (4015000000  / 2475137)
1623  (4060000000  / 2501422)
1623  (4105000000  / 2527738)
1624  (4150000000  / 2554085)
1625  (4195000000  / 2580463)
1626  (4240000000  / 2606871)
1627  (4285000000  / 2633310)
1627  (4330000000  / 2659779)
1628  (4375000000  / 2686278)
1629  (4420000000  / 2712808)
1629  (4465000000  / 2739369)
1630  (4510000000  / 2765960)
1631  (4555000000  / 2792581)
1631  (4600000000  / 2819233)
1632  (4645000000  / 2845915)
1632  (4690000000  / 2872627)
1633  (4735000000  / 2899370)
1633  (4780000000  / 2926142)
1633  (4825000000  / 2952945)
1634  (4870000000  / 2979779)
1634  (4915000000  / 3006642)
1635  (4960000000  / 3033536)
1635  (5005000000  / 3060459)
1635  (5050000000  / 3087413)
1635  (5095000000  / 3114397)
1636  (5140000000  / 3141411)
1636  (5185000000  / 3168454)
1636  (5230000000  / 3195528)
1636  (5275000000  / 3222632)
1637  (5320000000  / 3249766)
1637  (5365000000  / 3276929)
1637  (5410000000  / 3304123)
1637  (5455000000  / 3331346)
1637  (5500000000  / 3358600)
1637  (5545000000  / 3385883)
1637  (5590000000  / 3413195)
1637  (5635000000  / 3440538)
1637  (5680000000  / 3467910)
1637  (5725000000  / 3495312)
1637  (5770000000  / 3522744)
1637  (5815000000  / 3550205)
1637  (5860000000  / 3577696)
1637  (5905000000  / 3605216)
1637  (5950000000  / 3632767)
1637  (5995000000  / 3660346)
1637  (6040000000  / 3687955)
1637  (6085000000  / 3715594)
1637  (6130000000  / 3743262)
1637  (6175000000  / 3770960)
1637  (6220000000  / 3798687)
1637  (6265000000  / 3826443)
1637  (6310000000  / 3854229)
1637  (6355000000  / 3882044)
1636  (6400000000  / 3909889)
1636  (6445000000  / 3937763)
1636  (6490000000  / 3965666)
1636  (6535000000  / 3993598)
1636  (6580000000  / 4021560)
1635  (6625000000  / 4049551)
1635  (6670000000  / 4077571)
1635  (6715000000  / 4105620)
1635  (6760000000  / 4133698)
1635  (6805000000  / 4161806)
1634  (6850000000  / 4189942)
1634  (6895000000  / 4218108)
1634  (6940000000  / 4246302)
1634  (6985000000  / 4274526)
1633  (7030000000  / 4302779)
1633  (7075000000  / 4331060)
1633  (7120000000  / 4359371)
1632  (7165000000  / 4387710)
1632  (7210000000  / 4416079)
1632  (7255000000  / 4444476)
1632  (7300000000  / 4472902)
1631  (7345000000  / 4501357)
1631  (7390000000  / 4529841)
1631  (7435000000  / 4558353)
1630  (7480000000  / 4586894)
1630  (7525000000  / 4615464)
1630  (7570000000  / 4644063)
1629  (7615000000  / 4672691)
1629  (7660000000  / 4701347)
1628  (7705000000  / 4730031)
1628  (7750000000  / 4758745)
1628  (7795000000  / 4787487)
1627  (7840000000  / 4816257)
1627  (7885000000  / 4845056)
1627  (7930000000  / 4873884)
1626  (7975000000  / 4902740)
1626  (8020000000  / 4931625)
1625  (8065000000  / 4960538)
1625  (8110000000  / 4989480)
1625  (8155000000  / 5018450)
1624  (8200000000  / 5047448)
1624  (8245000000  / 5076475)
1623  (8290000000  / 5105530)
1623  (8335000000  / 5134613)
1622  (8380000000  / 5163725)
1622  (8425000000  / 5192865)
1621  (8470000000  / 5222033)
1621  (8515000000  / 5251230)
1621  (8560000000  / 5280454)
1620  (8605000000  / 5309707)
1620  (8650000000  / 5338988)
1619  (8695000000  / 5368298)
1619  (8740000000  / 5397635)
1618  (8785000000  / 5427001)
1618  (8830000000  / 5456394)
1617  (8875000000  / 5485816)
1617  (8920000000  / 5515266)
1616  (8965000000  / 5544743)
1616  (9010000000  / 5574249)
1615  (9055000000  / 5603783)
1615  (9100000000  / 5633345)
1614  (9145000000  / 5662934)
1614  (9190000000  / 5692552)
1613  (9235000000  / 5722197)
1613  (9280000000  / 5751871)
1612  (9325000000  / 5781572)
1612  (9370000000  / 5811301)
1611  (9415000000  / 5841058)
1611  (9460000000  / 5870842)
1610  (9505000000  / 5900655)
1113  (9550000000  / 8576419)
1094  (9595000000  / 8768451)
1075  (9640000000  / 8962254)
1057  (9685000000  / 9157859)
1040  (9730000000  / 9355300)
1023  (9775000000  / 9554549)
1006  (9820000000  / 9755668)
990   (9865000000  / 9958629)
975   (9910000000  / 10163465)
959   (9955000000  / 10370178)
945   (10000000000 / 10578801)
1413  (19010585314 / 13451404)
1417  (19599715635 / 13826958)
1421  (20194226100 / 14206210)
1425  (20794150393 / 14589226)
1428  (21399522310 / 14975981)
1432  (22010375765 / 15366539)
1435  (22626744785 / 15760907)
1438  (23248663513 / 16159089)
1441  (23876166205 / 16561179)
1444  (24509287235 / 16967124)
1447  (25148061089 / 17376989)
1449  (25792522371 / 17790838)
1452  (26442705797 / 18208617)
1454  (27098646201 / 18630392)
1456  (27760378532 / 19056198)
1458  (28427937853 / 19486070)
1460  (29101359343 / 19920013)
1462  (29780678298 / 20358064)
1464  (30465930127 / 20800228)
1466  (31157150357 / 21246570)
1468  (31854374629 / 21697065)
1469  (32557638702 / 22151811)
1471  (33266978448 / 22610781)
1472  (33982429857 / 23074043)
1474  (34704029034 / 23541572)
1475  (35431812201 / 24013433)
1476  (36165815694 / 24489663)
1478  (36906075968 / 24970268)
1479  (37652629591 / 25455253)
1480  (38405513251 / 25944714)
1481  (39164763750 / 26438628)
1482  (39930418006 / 26937030)
1483  (40702513055 / 27439958)
1484  (41481086048 / 27947446)
1485  (42266174255 / 28459501)
1485  (43057815059 / 28976190)
1486  (43856045963 / 29497518)
1487  (44660904584 / 30023492)
45502 (45472428660 / 999350 )
45944 (46290656041 / 1007533)
46383 (47115624696 / 1015782)
46819 (47947372713 / 1024100)
47250 (48785938294 / 1032485)
47679 (49631359760 / 1040940)
48104 (50483675548 / 1049463)
48525 (51342924212 / 1058055)
48943 (52209144426 / 1066717)
49358 (53082374978 / 1075450)
49769 (53962654776 / 1084253)
