2     (15000       / 5001   )
3     (20000       / 5001   )
4     (25000       / 5002   )
5     (30000       / 5002   )
6     (35000       / 5002   )
7     (40000       / 5002   )
8     (45000       / 5002   )
9     (50000       / 5002   )
10    (55000       / 5002   )
11    (60000       / 5002   )
31    (65000       / 2071   )
19    (70000       / 3661   )
14    (75000       / 5003   )
12    (80000       / 6184   )
11    (85000       / 7251   )
10    (90000       / 8233   )
10    (95000       / 9147   )
9     (100000      / 10006  )
9     (105000      / 10817  )
9     (110000      / 11590  )
9     (115000      / 12327  )
9     (120000      / 13035  )
9     (125000      / 13719  )
9     (130000      / 14376  )
8     (135000      / 15012  )
8     (140000      / 15628  )
8     (145000      / 16226  )
8     (150000      / 16807  )
8     (155000      / 17374  )
8     (160000      / 17927  )
8     (165000      / 18466  )
8     (170000      / 18994  )
8     (175000      / 19514  )
8     (180000      / 20020  )
9     (185000      / 20515  )
9     (190000      / 21001  )
9     (195000      / 21478  )
9     (200000      / 21947  )
9     (205000      / 22408  )
9     (210000      / 22861  )
9     (215000      / 23307  )
9     (220000      / 23746  )
9     (225000      / 24183  )
9     (230000      / 24609  )
9     (235000      / 25030  )
9     (240000      / 25444  )
9     (245000      / 25853  )
9     (250000      / 26256  )
9     (255000      / 26654  )
9     (260000      / 27048  )
9     (265000      / 27436  )
9     (270000      / 27820  )
9     (275000      / 28205  )
9     (280000      / 28580  )
9     (285000      / 28952  )
9     (290000      / 29319  )
9     (295000      / 29682  )
9     (300000      / 30042  )
10    (305000      / 30397  )
10    (310000      / 30750  )
10    (315000      / 31098  )
10    (320000      / 31444  )
10    (325000      / 31793  )
10    (330000      / 32132  )
10    (335000      / 32468  )
10    (340000      / 32801  )
10    (345000      / 33131  )
10    (350000      / 33459  )
10    (355000      / 33783  )
10    (360000      / 34105  )
10    (365000      / 34459  )
10    (370000      / 34776  )
10    (375000      / 35091  )
10    (380000      / 35403  )
10    (385000      / 35719  )
10    (390000      / 36027  )
10    (395000      / 36332  )
10    (400000      / 36635  )
10    (405000      / 36936  )
11    (410000      / 37242  )
11    (415000      / 37538  )
11    (420000      / 37833  )
11    (425000      / 38125  )
11    (430000      / 38416  )
11    (435000      / 38712  )
11    (440000      / 38999  )
11    (445000      / 39284  )
11    (450000      / 39567  )
11    (455000      / 39848  )
11    (460000      / 40136  )
11    (465000      / 40413  )
11    (470000      / 40690  )
11    (475000      / 40964  )
11    (480000      / 41237  )
11    (485000      / 41517  )
11    (490000      / 41786  )
11    (495000      / 42055  )
11    (500000      / 42321  )
11    (505000      / 42595  )
11    (510000      / 42859  )
22    (967991      / 43164  )
22    (982367      / 43425  )
22    (996815      / 43685  )
23    (1011336     / 43943  )
23    (1025929     / 44209  )
23    (1040595     / 44465  )
23    (1055335     / 44719  )
23    (1070149     / 44982  )
23    (1085037     / 45234  )
24    (1100000     / 45484  )
24    (1115037     / 45743  )
24    (1130150     / 45991  )
24    (1145339     / 46238  )
24    (1160603     / 46493  )
25    (1175945     / 46738  )
25    (1191363     / 46982  )
25    (1206858     / 47233  )
25    (1222431     / 47475  )
25    (1238082     / 47715  )
26    (1253811     / 47964  )
26    (1269619     / 48202  )
26    (1285506     / 48439  )
26    (1301472     / 48685  )
26    (1317518     / 48920  )
27    (1333644     / 49154  )
27    (1349851     / 49397  )
27    (1366138     / 49629  )
27    (1382506     / 49860  )
27    (1398956     / 50100  )
28    (1415488     / 50330  )
28    (1432102     / 50568  )
28    (1448798     / 50795  )
28    (1465577     / 51022  )
28    (1482439     / 51258  )
29    (1499385     / 51482  )
29    (1516415     / 51706  )
29    (1533529     / 51939  )
29    (1550727     / 52161  )
29    (1568010     / 52383  )
30    (1585379     / 52614  )
30    (1602833     / 52833  )
30    (1620373     / 53063  )
30    (1637998     / 53281  )
30    (1655711     / 53498  )
31    (1673510     / 53725  )
31    (1691397     / 53940  )
31    (1709371     / 54166  )
31    (1727432     / 54380  )
31    (1745582     / 54594  )
32    (1763820     / 54817  )
32    (1782147     / 55029  )
32    (1800563     / 55240  )
32    (1819068     / 55462  )
33    (1837664     / 55671  )
33    (1856349     / 55891  )
33    (1875124     / 56100  )
33    (1893990     / 56307  )
33    (1912947     / 56525  )
34    (1931995     / 56732  )
34    (1951135     / 56948  )
34    (1970366     / 57153  )
34    (1989690     / 57369  )
34    (2009106     / 57573  )
35    (2028615     / 57776  )
35    (2048217     / 57990  )
35    (2067913     / 58191  )
35    (2087702     / 58404  )
35    (2107585     / 58604  )
36    (2127562     / 58804  )
36    (2147634     / 59015  )
36    (2167801     / 59214  )
36    (2188063     / 59424  )
37    (2208420     / 59621  )
37    (2228873     / 59830  )
37    (2249422     / 60026  )
37    (2270068     / 60234  )
37    (2290810     / 60429  )
38    (2311649     / 60624  )
38    (2332586     / 60830  )
38    (2353619     / 61023  )
38    (2374751     / 61228  )
39    (2395981     / 61420  )
39    (2417309     / 61625  )
39    (2438735     / 61816  )
39    (2460261     / 62019  )
39    (2481886     / 62209  )
40    (2503610     / 62411  )
40    (2525434     / 62601  )
40    (2547358     / 62802  )
40    (2569383     / 62990  )
41    (2591508     / 63178  )
41    (2613734     / 63377  )
41    (2636061     / 63564  )
41    (2658490     / 63763  )
41    (2681020     / 63949  )
42    (2703653     / 64147  )
42    (2726387     / 64331  )
42    (2749225     / 64528  )
42    (2772165     / 64712  )
43    (2795208     / 64909  )
43    (2818354     / 65091  )
43    (2841605     / 65287  )
43    (2864959     / 65469  )
43    (2888417     / 65663  )
44    (2911980     / 65845  )
44    (2935648     / 66038  )
44    (2959420     / 66218  )
44    (2983298     / 66411  )
45    (3007281     / 66591  )
45    (3031370     / 66783  )
45    (3055566     / 66961  )
45    (3079867     / 67153  )
46    (3104275     / 67330  )
46    (3128790     / 67521  )
46    (3153412     / 67698  )
46    (3178142     / 67887  )
47    (3202979     / 68077  )
47    (3227924     / 68253  )
47    (3252977     / 68441  )
47    (3278139     / 68616  )
48    (3303409     / 68804  )
48    (3328789     / 68978  )
48    (3354277     / 69165  )
48    (3379875     / 69339  )
48    (3405583     / 69525  )
49    (3431400     / 69698  )
49    (3457328     / 69884  )
49    (3483366     / 70069  )
49    (3509515     / 70240  )
50    (3535776     / 70425  )
50    (3562147     / 70596  )
50    (3588630     / 70780  )
50    (3615224     / 70950  )
51    (3641931     / 71134  )
51    (3668750     / 71303  )
51    (3695681     / 71486  )
51    (3722725     / 71668  )
52    (3749882     / 71836  )
52    (3777152     / 72018  )
52    (3804536     / 72186  )
52    (3832033     / 72367  )
53    (3859645     / 72548  )
53    (3887371     / 72714  )
53    (3915211     / 72895  )
53    (3943166     / 73060  )
54    (3971236     / 73240  )
54    (3999421     / 73405  )
54    (4027722     / 73585  )
54    (4056138     / 73763  )
55    (4084670     / 73928  )
55    (4113319     / 74106  )
55    (4142084     / 74284  )
56    (4170965     / 74447  )
56    (4199964     / 74625  )
56    (4229079     / 74787  )
56    (4258312     / 74964  )
57    (4287663     / 75141  )
57    (4317131     / 75302  )
57    (4346718     / 75478  )
57    (4376423     / 75654  )
58    (4406247     / 75815  )
58    (4436189     / 75990  )
58    (4466250     / 76150  )
58    (4496431     / 76325  )
59    (4526731     / 76500  )
59    (4557152     / 76659  )
59    (4587692     / 76833  )
59    (4618352     / 77006  )
60    (4649133     / 77165  )
60    (4680034     / 77338  )
60    (4711056     / 78194  )
60    (4742200     / 78384  )
60    (4773465     / 78573  )
60    (4804851     / 78777  )
61    (4836360     / 78966  )
61    (4867990     / 79155  )
61    (4899743     / 79343  )
61    (4931619     / 79547  )
62    (4963617     / 79735  )
62    (4995738     / 79923  )
62    (5027982     / 80126  )
63    (5060350     / 80314  )
63    (5092842     / 80502  )
63    (5125457     / 80704  )
63    (5158197     / 80892  )
64    (5191061     / 81079  )
64    (5224050     / 81281  )
64    (5257163     / 81468  )
64    (5290402     / 81655  )
65    (5323765     / 81857  )
65    (5357255     / 82043  )
65    (5390870     / 82230  )
65    (5424611     / 82431  )
66    (5458478     / 82617  )
66    (5492471     / 82803  )
66    (5526591     / 83005  )
66    (5560838     / 83190  )
67    (5595212     / 83376  )
67    (5629714     / 83577  )
67    (5664342     / 83762  )
120   (10200000    / 84687  )
122   (10400000    / 84905  )
124   (10600000    / 85123  )
126   (10800000    / 85342  )
128   (11000000    / 85560  )
130   (11200000    / 85778  )
132   (11400000    / 85997  )
134   (11600000    / 86215  )
136   (11800000    / 86433  )
138   (12000000    / 86651  )
140   (12200000    / 86869  )
142   (12400000    / 87087  )
144   (12600000    / 87305  )
146   (12800000    / 87523  )
148   (13000000    / 87741  )
150   (13200000    / 87960  )
151   (13400000    / 88178  )
153   (13600000    / 88396  )
155   (13800000    / 88613  )
157   (14000000    / 88831  )
159   (14200000    / 89049  )
161   (14400000    / 89267  )
163   (14600000    / 89485  )
164   (14800000    / 89703  )
166   (15000000    / 89921  )
168   (15200000    / 90139  )
170   (15400000    / 90357  )
172   (15600000    / 90574  )
174   (15800000    / 90792  )
175   (16000000    / 91010  )
177   (16200000    / 91228  )
179   (16400000    / 91446  )
181   (16600000    / 91664  )
182   (16800000    / 91881  )
184   (17000000    / 92099  )
186   (17200000    / 92317  )
188   (17400000    / 92535  )
189   (17600000    / 92752  )
191   (17800000    / 92970  )
193   (18000000    / 93188  )
194   (18200000    / 93405  )
196   (18400000    / 93623  )
198   (18600000    / 93841  )
199   (18800000    / 94059  )
201   (19000000    / 94276  )
203   (19200000    / 94494  )
204   (19400000    / 94712  )
206   (19600000    / 94929  )
208   (19800000    / 95147  )
209   (20000000    / 95365  )
211   (20200000    / 95583  )
212   (20400000    / 95800  )
214   (20600000    / 96018  )
216   (20800000    / 96236  )
217   (21000000    / 96453  )
219   (21200000    / 96671  )
220   (21400000    / 96889  )
222   (21600000    / 97107  )
223   (21800000    / 97324  )
225   (22000000    / 97542  )
227   (22200000    / 97760  )
228   (22400000    / 97977  )
230   (22600000    / 98195  )
231   (22800000    / 98413  )
233   (23000000    / 98631  )
234   (23200000    / 98848  )
236   (23400000    / 99066  )
237   (23600000    / 99284  )
239   (23800000    / 99502  )
240   (24000000    / 99720  )
242   (24200000    / 99937  )
243   (24400000    / 100155 )
245   (24600000    / 100373 )
246   (24800000    / 100591 )
247   (25000000    / 100809 )
249   (25200000    / 101026 )
250   (25400000    / 101244 )
252   (25600000    / 101462 )
253   (25800000    / 101680 )
255   (26000000    / 101898 )
256   (26200000    / 102116 )
257   (26400000    / 102334 )
259   (26600000    / 102552 )
260   (26800000    / 102770 )
262   (27000000    / 102988 )
263   (27200000    / 103205 )
264   (27400000    / 103423 )
266   (27600000    / 103641 )
267   (27800000    / 103859 )
269   (28000000    / 104078 )
270   (28200000    / 104296 )
271   (28400000    / 104514 )
273   (28600000    / 104732 )
274   (28800000    / 104950 )
275   (29000000    / 105168 )
277   (29200000    / 105386 )
278   (29400000    / 105604 )
279   (29600000    / 105822 )
281   (29800000    / 106041 )
282   (30000000    / 106259 )
283   (30200000    / 106477 )
284   (30400000    / 106695 )
286   (30600000    / 106913 )
287   (30800000    / 107132 )
288   (31000000    / 107350 )
290   (31200000    / 107568 )
291   (31400000    / 107787 )
292   (31600000    / 108005 )
293   (31800000    / 108224 )
295   (32000000    / 108442 )
296   (32200000    / 108660 )
297   (32400000    / 108879 )
298   (32600000    / 109097 )
300   (32800000    / 109316 )
301   (33000000    / 109534 )
302   (33200000    / 109753 )
303   (33400000    / 109971 )
304   (33600000    / 110190 )
306   (33800000    / 110409 )
307   (34000000    / 110627 )
308   (34200000    / 110846 )
309   (34400000    / 111065 )
310   (34600000    / 111283 )
312   (34800000    / 111502 )
313   (35000000    / 111721 )
314   (35200000    / 111940 )
315   (35400000    / 112159 )
316   (35600000    / 112377 )
317   (35800000    / 112596 )
319   (36000000    / 112815 )
320   (36200000    / 113034 )
321   (36400000    / 113253 )
322   (36600000    / 113472 )
323   (36800000    / 113691 )
324   (37000000    / 113910 )
325   (37200000    / 114129 )
327   (37400000    / 114348 )
328   (37600000    / 114567 )
329   (37800000    / 114787 )
330   (38000000    / 115006 )
331   (38200000    / 115225 )
332   (38400000    / 115444 )
333   (38600000    / 115664 )
334   (38800000    / 115883 )
335   (39000000    / 116102 )
336   (39200000    / 116322 )
338   (39400000    / 116541 )
339   (39600000    / 116761 )
340   (39800000    / 116980 )
341   (40000000    / 117200 )
342   (40200000    / 117419 )
343   (40400000    / 117639 )
344   (40600000    / 117858 )
345   (40800000    / 118078 )
346   (41000000    / 118298 )
347   (41200000    / 118517 )
348   (41400000    / 118737 )
349   (41600000    / 118957 )
350   (41800000    / 119177 )
351   (42000000    / 119396 )
352   (42200000    / 119616 )
353   (42400000    / 119836 )
354   (42600000    / 120056 )
355   (42800000    / 120276 )
356   (43000000    / 120496 )
357   (43200000    / 120716 )
358   (43400000    / 120936 )
359   (43600000    / 121156 )
360   (43800000    / 121377 )
361   (44000000    / 121597 )
331   (44200000    / 133273 )
332   (44400000    / 133650 )
332   (44600000    / 134048 )
333   (44800000    / 134446 )
333   (45000000    / 134824 )
334   (45200000    / 135223 )
334   (45400000    / 135622 )
335   (45600000    / 136022 )
335   (45800000    / 136422 )
336   (46000000    / 136823 )
336   (46200000    / 137223 )
337   (46400000    / 137625 )
337   (46600000    / 138026 )
338   (46800000    / 138449 )
338   (47000000    / 138852 )
338   (47200000    / 139255 )
339   (47400000    / 139658 )
339   (47600000    / 140082 )
340   (47800000    / 140486 )
340   (48000000    / 140891 )
341   (48200000    / 141317 )
341   (48400000    / 141722 )
341   (48600000    / 142149 )
342   (48800000    / 142576 )
342   (49000000    / 142982 )
343   (49200000    / 143410 )
343   (49400000    / 143838 )
343   (49600000    / 144246 )
344   (49800000    / 144675 )
344   (50000000    / 145105 )
674   (106101002   / 157375 )
677   (107068922   / 157988 )
681   (108040900   / 158580 )
684   (109016944   / 159194 )
688   (109997063   / 159809 )
691   (110981267   / 160425 )
695   (111969564   / 161041 )
698   (112961963   / 161659 )
702   (113958473   / 162277 )
705   (114959103   / 162895 )
709   (115963861   / 163536 )
712   (116972757   / 164157 )
715   (117985800   / 164799 )
719   (119002998   / 165421 )
722   (120024360   / 166066 )
726   (121049896   / 166711 )
729   (122079614   / 167356 )
732   (123113523   / 168003 )
736   (124151632   / 168650 )
739   (125193950   / 169299 )
742   (126240486   / 169948 )
746   (127291249   / 170619 )
749   (128346247   / 171270 )
752   (129405490   / 171943 )
755   (130468987   / 172595 )
759   (131536746   / 173270 )
762   (132608777   / 173946 )
765   (133685088   / 174601 )
768   (134765688   / 175278 )
772   (135850586   / 175956 )
775   (136939792   / 176657 )
778   (138033314   / 177337 )
781   (139131161   / 178017 )
784   (140233342   / 178699 )
787   (141339865   / 179403 )
791   (142450741   / 180087 )
794   (143565978   / 180793 )
797   (144685584   / 181500 )
800   (145809569   / 182207 )
803   (146937942   / 182916 )
806   (148070712   / 183625 )
809   (149207887   / 184336 )
812   (150349476   / 185047 )
815   (151495490   / 185759 )
818   (152645935   / 186494 )
821   (153800822   / 187208 )
824   (154960160   / 187945 )
827   (156123957   / 188661 )
830   (157292222   / 189400 )
833   (158464965   / 190139 )
836   (159642194   / 190880 )
839   (160823918   / 191621 )
842   (162010147   / 192364 )
845   (163200889   / 193107 )
848   (164396153   / 193851 )
850   (165595948   / 194619 )
853   (166800283   / 195365 )
856   (168009168   / 196134 )
859   (169222610   / 196904 )
862   (170440620   / 197653 )
865   (171663206   / 198425 )
867   (172890377   / 199198 )
870   (174122142   / 199972 )
873   (175358510   / 200747 )
876   (176599490   / 201545 )
879   (177845091   / 202322 )
881   (179095323   / 203100 )
884   (180350193   / 203901 )
887   (181609712   / 204704 )
889   (182873887   / 205484 )
892   (184142729   / 206288 )
895   (185416246   / 207094 )
898   (186694446   / 207900 )
900   (187977340   / 208707 )
903   (189264936   / 209515 )
905   (190557244   / 210347 )
908   (191854271   / 211157 )
911   (193156027   / 211991 )
913   (194462522   / 212803 )
916   (195773764   / 213638 )
918   (197089762   / 214475 )
921   (198410525   / 215313 )
924   (199736062   / 216152 )
926   (201066383   / 216992 )
929   (202401496   / 217833 )
931   (203741411   / 218674 )
934   (205086135   / 219517 )
936   (206435679   / 220384 )
939   (207790052   / 221252 )
941   (209149262   / 222098 )
944   (210513318   / 222968 )
946   (211882230   / 223839 )
949   (213256007   / 224711 )
951   (214634657   / 225584 )
953   (216018190   / 226458 )
956   (217406614   / 227333 )
958   (218799940   / 228232 )
961   (220198174   / 229109 )
963   (221601328   / 230011 )
965   (223009410   / 230890 )
968   (224422429   / 231793 )
970   (225840393   / 232698 )
972   (227263313   / 233604 )
975   (228691196   / 234511 )
977   (230124053   / 235418 )
979   (231561892   / 236351 )
982   (233004722   / 237261 )
984   (234452553   / 238195 )
986   (235905393   / 239107 )
988   (237363251   / 240044 )
991   (238826137   / 240981 )
993   (240294060   / 241920 )
995   (241767028   / 242860 )
997   (243245051   / 243801 )
999   (244728137   / 244743 )
1002  (246216297   / 245686 )
1004  (247709538   / 246654 )
1006  (249207870   / 247600 )
1008  (250711303   / 248570 )
1010  (252219844   / 249541 )
1012  (253733504   / 250513 )
1015  (255252291   / 251463 )
1017  (256776215   / 252461 )
1019  (258305284   / 253437 )
1021  (259839508   / 254414 )
1023  (261378895   / 255392 )
1025  (262923455   / 256395 )
1027  (264473197   / 257375 )
1029  (266028130   / 258380 )
1031  (267588263   / 259387 )
1033  (269153605   / 260394 )
1035  (270724165   / 261403 )
1037  (272299952   / 262413 )
1039  (273880976   / 263424 )
1041  (275467246   / 264460 )
1043  (277058770   / 265473 )
1045  (278655558   / 266511 )
1047  (280257618   / 267527 )
1049  (281864961   / 268568 )
1051  (283477594   / 269610 )
1053  (285095528   / 270653 )
1055  (286718771   / 271697 )
1057  (288347332   / 272743 )
1059  (289981221   / 273814 )
1060  (291620446   / 274861 )
1062  (293265017   / 275910 )
1064  (294914943   / 276985 )
1066  (296570233   / 278061 )
1068  (298230896   / 279137 )
1070  (299896941   / 280216 )
1072  (301568378   / 281295 )
1073  (303245215   / 282375 )
1075  (304927461   / 283457 )
1077  (306615126   / 284564 )
1079  (308308219   / 285648 )
1081  (310006749   / 286758 )
1082  (311710725   / 287869 )
1084  (313420156   / 288981 )
1086  (315135052   / 290095 )
1088  (316855421   / 291210 )
1089  (318581272   / 292326 )
1091  (320312616   / 293443 )
1093  (322049460   / 294586 )
1094  (323791814   / 295705 )
1096  (325539688   / 296851 )
1098  (327293090   / 297998 )
1100  (329052029   / 299121 )
1101  (330816515   / 300270 )
1103  (332586556   / 301445 )
1104  (334362163   / 302597 )
1106  (336143344   / 303750 )
1108  (337930108   / 304929 )
1109  (339722464   / 306085 )
1111  (341520422   / 307267 )
1113  (343323990   / 308449 )
1114  (345133178   / 309634 )
1116  (346947996   / 310819 )
1117  (348768451   / 312006 )
1119  (350594554   / 313194 )
1121  (352426313   / 314383 )
1122  (354263738   / 315599 )
1124  (356106838   / 316791 )
1125  (357955621   / 318009 )
1127  (359810098   / 319229 )
1128  (361670277   / 320450 )
1130  (363536168   / 321672 )
1131  (365407779   / 322895 )
1133  (367285120   / 324145 )
1134  (369168201   / 325371 )
1136  (371057029   / 326599 )
1137  (372951615   / 327852 )
1138  (374851967   / 329108 )
1140  (376758095   / 330364 )
1141  (378670008   / 331622 )
1143  (380587715   / 332881 )
1144  (382511225   / 334142 )
1146  (384440548   / 335429 )
1147  (386375692   / 336692 )
1148  (388316667   / 337982 )
1150  (390263482   / 339248 )
1151  (392216147   / 340541 )
1153  (394174670   / 341835 )
1154  (396139060   / 343130 )
1155  (398109327   / 344452 )
1157  (400085481   / 345751 )
1158  (402067529   / 347050 )
1159  (404055482   / 348376 )
1161  (406049348   / 349704 )
1162  (408049137   / 351008 )
1163  (410054858   / 352338 )
1165  (412066521   / 353670 )
1166  (414084134   / 355029 )
1167  (416107706   / 356364 )
1168  (418137247   / 357700 )
1170  (420172766   / 359063 )
1171  (422214273   / 360427 )
1172  (424261776   / 361768 )
1173  (426315284   / 363135 )
1175  (428374808   / 364504 )
1176  (430440355   / 365874 )
851   (432511936   / 507887 )
835   (434589559   / 520338 )
819   (436673235   / 532831 )
804   (438762971   / 545342 )
790   (440858777   / 557870 )
776   (442960663   / 570416 )
763   (445068637   / 582978 )
750   (447182709   / 595558 )
738   (449302888   / 608181 )
727   (451429184   / 620796 )
716   (453561605   / 633428 )
705   (455700161   / 646103 )
695   (457844861   / 658769 )
685   (459995714   / 671452 )
675   (462152730   / 684179 )
666   (464315917   / 696923 )
657   (466485285   / 709658 )
648   (468660844   / 722436 )
640   (470842602   / 735231 )
632   (473030568   / 748043 )
624   (475224753   / 760872 )
617   (477425164   / 773719 )
609   (479631812   / 786582 )
602   (481844706   / 799463 )
595   (484063855   / 812360 )
589   (486289267   / 825275 )
582   (488520954   / 838232 )
576   (490758922   / 851181 )
570   (493003183   / 864172 )
564   (495253745   / 877155 )
1010  (1045000000  / 1033843)
1030  (1090000000  / 1058198)
1048  (1135000000  / 1082586)
1065  (1180000000  / 1107006)
1082  (1225000000  / 1131459)
1098  (1270000000  / 1155944)
1113  (1315000000  / 1180461)
1128  (1360000000  / 1205011)
1142  (1405000000  / 1229593)
1156  (1450000000  / 1254208)
1169  (1495000000  / 1278854)
1181  (1540000000  / 1303533)
1193  (1585000000  / 1328244)
1204  (1630000000  / 1352988)
1215  (1675000000  / 1377763)
1226  (1720000000  / 1402571)
1236  (1765000000  / 1427410)
1246  (1810000000  / 1452282)
1255  (1855000000  / 1477186)
1264  (1900000000  / 1502121)
1273  (1945000000  / 1527089)
1282  (1990000000  / 1552089)
1290  (2035000000  / 1577120)
1298  (2080000000  / 1602183)
1305  (2125000000  / 1627279)
1313  (2170000000  / 1652405)
1320  (2215000000  / 1677564)
1327  (2260000000  / 1702755)
1333  (2305000000  / 1727977)
1340  (2350000000  / 1753231)
1346  (2395000000  / 1778516)
1352  (2440000000  / 1803833)
1358  (2485000000  / 1829182)
1364  (2530000000  / 1854562)
1369  (2575000000  / 1879974)
1375  (2620000000  / 1905417)
1380  (2665000000  / 1930892)
1385  (2710000000  / 1956398)
1390  (2755000000  / 1981936)
1394  (2800000000  / 2007505)
1399  (2845000000  / 2033105)
1403  (2890000000  / 2058737)
1408  (2935000000  / 2084400)
1412  (2980000000  / 2110094)
1416  (3025000000  / 2135819)
1420  (3070000000  / 2161576)
1424  (3115000000  / 2187364)
1427  (3160000000  / 2213183)
1431  (3205000000  / 2239033)
1434  (3250000000  / 2264914)
1438  (3295000000  / 2290826)
1441  (3340000000  / 2316769)
1444  (3385000000  / 2342744)
1448  (3430000000  / 2368749)
1451  (3475000000  / 2394785)
1454  (3520000000  / 2420852)
1456  (3565000000  / 2446950)
1459  (3610000000  / 2473079)
1462  (3655000000  / 2499239)
1465  (3700000000  / 2525429)
1467  (3745000000  / 2551651)
1470  (3790000000  / 2577903)
1472  (3835000000  / 2604185)
1475  (3880000000  / 2630499)
1477  (3925000000  / 2656843)
1479  (3970000000  / 2683218)
1481  (4015000000  / 2709623)
1483  (4060000000  / 2736059)
1485  (4105000000  / 2762526)
1487  (4150000000  / 2789023)
1489  (4195000000  / 2815550)
1491  (4240000000  / 2842108)
1493  (4285000000  / 2868697)
1495  (4330000000  / 2895316)
1497  (4375000000  / 2921965)
1498  (4420000000  / 2948645)
1500  (4465000000  / 2975355)
1502  (4510000000  / 3002095)
1503  (4555000000  / 3028866)
1505  (4600000000  / 3055667)
1506  (4645000000  / 3082498)
1508  (4690000000  / 3109359)
1509  (4735000000  / 3136251)
1511  (4780000000  / 3163172)
1512  (4825000000  / 3190124)
1513  (4870000000  / 3217106)
1515  (4915000000  / 3244118)
1516  (4960000000  / 3271160)
1517  (5005000000  / 3298232)
1518  (5050000000  / 3325334)
1519  (5095000000  / 3352466)
1520  (5140000000  / 3379628)
1521  (5185000000  / 3406820)
1522  (5230000000  / 3434042)
1523  (5275000000  / 3461294)
1524  (5320000000  / 3488575)
1525  (5365000000  / 3515887)
1526  (5410000000  / 3543228)
1527  (5455000000  / 3570599)
1528  (5500000000  / 3598000)
1529  (5545000000  / 3625430)
1530  (5590000000  / 3652890)
1531  (5635000000  / 3680380)
1531  (5680000000  / 3707899)
1532  (5725000000  / 3735448)
1533  (5770000000  / 3763027)
1534  (5815000000  / 3790635)
1534  (5860000000  / 3818272)
1535  (5905000000  / 3845940)
1536  (5950000000  / 3873636)
1536  (5995000000  / 3901363)
1537  (6040000000  / 3929118)
1537  (6085000000  / 3956903)
1538  (6130000000  / 3984718)
1538  (6175000000  / 4012561)
1539  (6220000000  / 4040434)
1539  (6265000000  / 4068337)
1540  (6310000000  / 4096269)
1540  (6355000000  / 4124230)
1541  (6400000000  / 4152220)
1541  (6445000000  / 4180239)
1542  (6490000000  / 4208288)
1542  (6535000000  / 4236366)
1542  (6580000000  / 4264473)
1543  (6625000000  / 4292609)
1543  (6670000000  / 4320774)
1544  (6715000000  / 4348969)
1544  (6760000000  / 4377192)
1544  (6805000000  / 4405444)
1544  (6850000000  / 4433726)
1545  (6895000000  / 4462036)
1545  (6940000000  / 4490375)
1545  (6985000000  / 4518744)
1546  (7030000000  / 4547141)
1546  (7075000000  / 4575567)
1546  (7120000000  / 4604022)
1546  (7165000000  / 4632506)
1546  (7210000000  / 4661018)
1547  (7255000000  / 4689560)
1547  (7300000000  / 4718130)
1547  (7345000000  / 4746729)
1547  (7390000000  / 4775357)
1547  (7435000000  / 4804013)
1547  (7480000000  / 4832698)
1547  (7525000000  / 4861412)
1548  (7570000000  / 4890154)
1548  (7615000000  / 4918925)
1548  (7660000000  / 4947724)
1548  (7705000000  / 4976552)
1548  (7750000000  / 5005409)
1548  (7795000000  / 5034294)
1548  (7840000000  / 5063208)
1548  (7885000000  / 5092150)
1548  (7930000000  / 5121121)
1548  (7975000000  / 5150120)
1548  (8020000000  / 5179147)
1548  (8065000000  / 5208203)
1548  (8110000000  / 5237287)
1548  (8155000000  / 5266400)
1548  (8200000000  / 5295540)
1548  (8245000000  / 5324709)
1548  (8290000000  / 5353907)
1548  (8335000000  / 5383132)
1548  (8380000000  / 5412386)
1548  (8425000000  / 5441668)
1548  (8470000000  / 5470979)
1548  (8515000000  / 5500317)
1548  (8560000000  / 5529684)
1547  (8605000000  / 5559078)
1547  (8650000000  / 5588501)
1055  (8695000000  / 8235819)
1037  (8740000000  / 8425774)
1019  (8785000000  / 8617487)
1002  (8830000000  / 8810988)
985   (8875000000  / 9006308)
969   (8920000000  / 9203422)
953   (8965000000  / 9402391)
938   (9010000000  / 9603187)
923   (9055000000  / 9805843)
909   (9100000000  / 10010361)
895   (9145000000  / 10216774)
881   (9190000000  / 10425083)
868   (9235000000  / 10635291)
855   (9280000000  / 10847402)
843   (9325000000  / 11061447)
830   (9370000000  / 11277458)
819   (9415000000  / 11495408)
807   (9460000000  / 11715330)
796   (9505000000  / 11937256)
785   (9550000000  / 12161159)
774   (9595000000  / 12387072)
764   (9640000000  / 12615026)
753   (9685000000  / 12844995)
744   (9730000000  / 13077041)
734   (9775000000  / 13311137)
724   (9820000000  / 13547316)
715   (9865000000  / 13785580)
706   (9910000000  / 14025932)
697   (9955000000  / 14268434)
689   (10000000000 / 14513060)
1091  (19010585314 / 17421880)
1099  (19599715635 / 17833925)
1106  (20194226100 / 18249913)
1113  (20794150393 / 18669879)
1120  (21399522310 / 19093830)
1127  (22010375765 / 19521829)
1133  (22626744785 / 19953884)
1140  (23248663513 / 20390028)
1146  (23876166205 / 20830268)
1152  (24509287235 / 21274669)
1157  (25148061089 / 21723206)
1163  (25792522371 / 22175946)
1168  (26442705797 / 22632923)
1173  (27098646201 / 23094144)
1178  (27760378532 / 23559613)
1183  (28427937853 / 24029398)
1187  (29101359343 / 24503533)
1192  (29780678298 / 24981994)
1196  (30465930127 / 25464848)
1213  (31157150357 / 25685940)
1229  (31854374629 / 25909018)
1245  (32557638702 / 26134116)
1261  (33266978448 / 26361296)
1277  (33982429857 / 26590502)
1293  (34704029034 / 26821795)
1309  (35431812201 / 27055179)
1325  (36165815694 / 27290656)
1340  (36906075968 / 27528260)
1355  (37652629591 / 27767964)
1371  (38405513251 / 28009829)
1386  (39164763750 / 28253860)
1401  (39930418006 / 28500029)
1415  (40702513055 / 28748399)
1430  (41481086048 / 28998973)
1444  (42266174255 / 29251755)
1459  (43057815059 / 29506746)
1473  (43856045963 / 29764011)
1487  (44660904584 / 30023492)
45502 (45472428660 / 999350 )
45944 (46290656041 / 1007533)
46383 (47115624696 / 1015782)
46819 (47947372713 / 1024100)
47250 (48785938294 / 1032485)
47679 (49631359760 / 1040940)
48104 (50483675548 / 1049463)
48525 (51342924212 / 1058055)
48943 (52209144426 / 1066717)
49358 (53082374978 / 1075450)
49769 (53962654776 / 1084253)
