3     (15000       / 5000 )
4     (20000       / 5000 )
5     (25000       / 5000 )
6     (30000       / 5000 )
7     (35000       / 5000 )
8     (40000       / 5000 )
9     (45000       / 5000 )
10    (50000       / 5000 )
11    (55000       / 5000 )
12    (60000       / 5000 )
13    (65000       / 5000 )
10    (70000       / 6830 )
15    (75000       / 5000 )
19    (80000       / 4045 )
24    (85000       / 3450 )
29    (90000       / 3038 )
34    (95000       / 2735 )
40    (100000      / 2500 )
45    (105000      / 2312 )
50    (110000      / 2158 )
56    (115000      / 2029 )
62    (120000      / 1919 )
68    (125000      / 1824 )
74    (130000      / 1741 )
80    (135000      / 1667 )
87    (140000      / 1601 )
94    (145000      / 1542 )
100   (150000      / 1489 )
107   (155000      / 1440 )
114   (160000      / 1396 )
121   (165000      / 1355 )
129   (170000      / 1317 )
136   (175000      / 1282 )
144   (180000      / 1250 )
151   (185000      / 1220 )
159   (190000      / 1192 )
167   (195000      / 1165 )
175   (200000      / 1140 )
183   (205000      / 1117 )
191   (210000      / 1095 )
200   (215000      / 1074 )
208   (220000      / 1054 )
217   (225000      / 1035 )
226   (230000      / 1017 )
235   (235000      / 1000 )
243   (240000      / 984  )
253   (245000      / 968  )
262   (250000      / 954  )
271   (255000      / 939  )
280   (260000      / 926  )
290   (265000      / 913  )
300   (270000      / 900  )
309   (275000      / 888  )
319   (280000      / 876  )
329   (285000      / 865  )
339   (290000      / 854  )
349   (295000      / 844  )
359   (300000      / 834  )
370   (305000      / 824  )
380   (310000      / 814  )
391   (315000      / 805  )
402   (320000      / 796  )
412   (325000      / 788  )
423   (330000      / 780  )
433   (335000      / 772  )
445   (340000      / 764  )
456   (345000      / 756  )
467   (350000      / 749  )
478   (355000      / 742  )
489   (360000      / 735  )
501   (365000      / 728  )
513   (370000      / 721  )
524   (375000      / 715  )
536   (380000      / 708  )
548   (385000      / 702  )
560   (390000      / 696  )
572   (395000      / 690  )
583   (400000      / 685  )
596   (405000      / 679  )
608   (410000      / 674  )
621   (415000      / 668  )
633   (420000      / 663  )
645   (425000      / 658  )
658   (430000      / 653  )
671   (435000      / 648  )
683   (440000      / 644  )
696   (445000      / 639  )
709   (450000      / 634  )
722   (455000      / 630  )
734   (460000      / 626  )
748   (465000      / 621  )
761   (470000      / 617  )
774   (475000      / 613  )
788   (480000      / 609  )
801   (485000      / 605  )
815   (490000      / 601  )
829   (495000      / 597  )
843   (500000      / 593  )
855   (505000      / 590  )
870   (510000      / 586  )
1660  (967991      / 583  )
1693  (982367      / 580  )
1730  (996815      / 576  )
1764  (1011336     / 573  )
1799  (1025929     / 570  )
1838  (1040595     / 566  )
1874  (1055335     / 563  )
1910  (1070149     / 560  )
1948  (1085037     / 557  )
1985  (1100000     / 554  )
2023  (1115037     / 551  )
2062  (1130150     / 548  )
2101  (1145339     / 545  )
2141  (1160603     / 542  )
2177  (1175945     / 540  )
2218  (1191363     / 537  )
2260  (1206858     / 534  )
2302  (1222431     / 531  )
2340  (1238082     / 529  )
2383  (1253811     / 526  )
2422  (1269619     / 524  )
2467  (1285506     / 521  )
2507  (1301472     / 519  )
2553  (1317518     / 516  )
2594  (1333644     / 514  )
2641  (1349851     / 511  )
2683  (1366138     / 509  )
2726  (1382506     / 507  )
2775  (1398956     / 504  )
2819  (1415488     / 502  )
2864  (1432102     / 500  )
2909  (1448798     / 498  )
2960  (1465577     / 495  )
3006  (1482439     / 493  )
3053  (1499385     / 491  )
3101  (1516415     / 489  )
3148  (1533529     / 487  )
3197  (1550727     / 485  )
3246  (1568010     / 483  )
3296  (1585379     / 481  )
3346  (1602833     / 479  )
3397  (1620373     / 477  )
3448  (1637998     / 475  )
3500  (1655711     / 473  )
3553  (1673510     / 471  )
3606  (1691397     / 469  )
3652  (1709371     / 468  )
3706  (1727432     / 466  )
3762  (1745582     / 464  )
3817  (1763820     / 462  )
3865  (1782147     / 461  )
3922  (1800563     / 459  )
3980  (1819068     / 457  )
4038  (1837664     / 455  )
4088  (1856349     / 454  )
4148  (1875124     / 452  )
4208  (1893990     / 450  )
4260  (1912947     / 449  )
4322  (1931995     / 447  )
4374  (1951135     / 446  )
4437  (1970366     / 444  )
4491  (1989690     / 443  )
4555  (2009106     / 441  )
4610  (2028615     / 440  )
4676  (2048217     / 438  )
4732  (2067913     / 437  )
4799  (2087702     / 435  )
4856  (2107585     / 434  )
4924  (2127562     / 432  )
4982  (2147634     / 431  )
5053  (2167801     / 429  )
5112  (2188063     / 428  )
5184  (2208420     / 426  )
5244  (2228873     / 425  )
5305  (2249422     / 424  )
5379  (2270068     / 422  )
5441  (2290810     / 421  )
5503  (2311649     / 420  )
5580  (2332586     / 418  )
5644  (2353619     / 417  )
5708  (2374751     / 416  )
5773  (2395981     / 415  )
5853  (2417309     / 413  )
5919  (2438735     / 412  )
5986  (2460261     / 411  )
6053  (2481886     / 410  )
6136  (2503610     / 408  )
6204  (2525434     / 407  )
6274  (2547358     / 406  )
6344  (2569383     / 405  )
6414  (2591508     / 404  )
6485  (2613734     / 403  )
6573  (2636061     / 401  )
6646  (2658490     / 400  )
6719  (2681020     / 399  )
6793  (2703653     / 398  )
6867  (2726387     / 397  )
6942  (2749225     / 396  )
7018  (2772165     / 395  )
7094  (2795208     / 394  )
7171  (2818354     / 393  )
7248  (2841605     / 392  )
7346  (2864959     / 390  )
7425  (2888417     / 389  )
7505  (2911980     / 388  )
7585  (2935648     / 387  )
7666  (2959420     / 386  )
7748  (2983298     / 385  )
7831  (3007281     / 384  )
7914  (3031370     / 383  )
7998  (3055566     / 382  )
8083  (3079867     / 381  )
8169  (3104275     / 380  )
8255  (3128790     / 379  )
8342  (3153412     / 378  )
8430  (3178142     / 377  )
8495  (3202979     / 377  )
8584  (3227924     / 376  )
8674  (3252977     / 375  )
8765  (3278139     / 374  )
8856  (3303409     / 373  )
8948  (3328789     / 372  )
9041  (3354277     / 371  )
9134  (3379875     / 370  )
9229  (3405583     / 369  )
9324  (3431400     / 368  )
9394  (3457328     / 368  )
9491  (3483366     / 367  )
9588  (3509515     / 366  )
9687  (3535776     / 365  )
9786  (3562147     / 364  )
9886  (3588630     / 363  )
9986  (3615224     / 362  )
10060 (3641931     / 362  )
10162 (3668750     / 361  )
10265 (3695681     / 360  )
10369 (3722725     / 359  )
10474 (3749882     / 358  )
10550 (3777152     / 358  )
10656 (3804536     / 357  )
10764 (3832033     / 356  )
10872 (3859645     / 355  )
10981 (3887371     / 354  )
11059 (3915211     / 354  )
11170 (3943166     / 353  )
11281 (3971236     / 352  )
11394 (3999421     / 351  )
11474 (4027722     / 351  )
11588 (4056138     / 350  )
11703 (4084670     / 349  )
11819 (4113319     / 348  )
11902 (4142084     / 348  )
12020 (4170965     / 347  )
12138 (4199964     / 346  )
12222 (4229079     / 346  )
12342 (4258312     / 345  )
12464 (4287663     / 344  )
12586 (4317131     / 343  )
12672 (4346718     / 343  )
12796 (4376423     / 342  )
12921 (4406247     / 341  )
13009 (4436189     / 341  )
13136 (4466250     / 340  )
13263 (4496431     / 339  )
13353 (4526731     / 339  )
13482 (4557152     / 338  )
13613 (4587692     / 337  )
13704 (4618352     / 337  )
13836 (4649133     / 336  )
13970 (4680034     / 335  )
14062 (4711056     / 335  )
14198 (4742200     / 334  )
14334 (4773465     / 333  )
14428 (4804851     / 333  )
14567 (4836360     / 332  )
14662 (4867990     / 332  )
14802 (4899743     / 331  )
14944 (4931619     / 330  )
15041 (4963617     / 330  )
15184 (4995738     / 329  )
15329 (5027982     / 328  )
15427 (5060350     / 328  )
15574 (5092842     / 327  )
15674 (5125457     / 327  )
15822 (5158197     / 326  )
15923 (5191061     / 326  )
16074 (5224050     / 325  )
16225 (5257163     / 324  )
16328 (5290402     / 324  )
16482 (5323765     / 323  )
16585 (5357255     / 323  )
16741 (5390870     / 322  )
16899 (5424611     / 321  )
17004 (5458478     / 321  )
17163 (5492471     / 320  )
17270 (5526591     / 320  )
17432 (5560838     / 319  )
17539 (5595212     / 319  )
17703 (5629714     / 318  )
17812 (5664342     / 318  )
31875 (10200000    / 320  )
32601 (10400000    / 319  )
33228 (10600000    / 319  )
33855 (10800000    / 319  )
34591 (11000000    / 318  )
35220 (11200000    / 318  )
35962 (11400000    / 317  )
36593 (11600000    / 317  )
37341 (11800000    / 316  )
37974 (12000000    / 316  )
38607 (12200000    / 316  )
38993 (12400000    / 318  )
39622 (12600000    / 318  )
40378 (12800000    / 317  )
41009 (13000000    / 317  )
41640 (13200000    / 317  )
42405 (13400000    / 316  )
43037 (13600000    / 316  )
43670 (13800000    / 316  )
44303 (14000000    / 316  )
45079 (14200000    / 315  )
45714 (14400000    / 315  )
46349 (14600000    / 315  )
47133 (14800000    / 314  )
47770 (15000000    / 314  )
48407 (15200000    / 314  )
49044 (15400000    / 314  )
49840 (15600000    / 313  )
50479 (15800000    / 313  )
51118 (16000000    / 313  )
51923 (16200000    / 312  )
52564 (16400000    / 312  )
53205 (16600000    / 312  )
53846 (16800000    / 312  )
54662 (17000000    / 311  )
55305 (17200000    / 311  )
55948 (17400000    / 311  )
56774 (17600000    / 310  )
57419 (17800000    / 310  )
58064 (18000000    / 310  )
58709 (18200000    / 310  )
59546 (18400000    / 309  )
60194 (18600000    / 309  )
60841 (18800000    / 309  )
61488 (19000000    / 309  )
62337 (19200000    / 308  )
62987 (19400000    / 308  )
63636 (19600000    / 308  )
64285 (19800000    / 308  )
65146 (20000000    / 307  )
65798 (20200000    / 307  )
66449 (20400000    / 307  )
67100 (20600000    / 307  )
67973 (20800000    / 306  )
68627 (21000000    / 306  )
69281 (21200000    / 306  )
69934 (21400000    / 306  )
70819 (21600000    / 305  )
71475 (21800000    / 305  )
72131 (22000000    / 305  )
72786 (22200000    / 305  )
73442 (22400000    / 305  )
74342 (22600000    / 304  )
75000 (22800000    / 304  )
75657 (23000000    / 304  )
76315 (23200000    / 304  )
77227 (23400000    / 303  )
77887 (23600000    / 303  )
78547 (23800000    / 303  )
79207 (24000000    / 303  )
79867 (24200000    / 303  )
80794 (24400000    / 302  )
81456 (24600000    / 302  )
82119 (24800000    / 302  )
82781 (25000000    / 302  )
83720 (25200000    / 301  )
84385 (25400000    / 301  )
85049 (25600000    / 301  )
85714 (25800000    / 301  )
86378 (26000000    / 301  )
87333 (26200000    / 300  )
88000 (26400000    / 300  )
88666 (26600000    / 300  )
89333 (26800000    / 300  )
90000 (27000000    / 300  )
90969 (27200000    / 299  )
91638 (27400000    / 299  )
92307 (27600000    / 299  )
92976 (27800000    / 299  )
93645 (28000000    / 299  )
94630 (28200000    / 298  )
95302 (28400000    / 298  )
95973 (28600000    / 298  )
96644 (28800000    / 298  )
97315 (29000000    / 298  )
98316 (29200000    / 297  )
98989 (29400000    / 297  )
99663 (29600000    / 297  )
100336 (29800000    / 297  )
101010 (30000000    / 297  )
102027 (30200000    / 296  )
102702 (30400000    / 296  )
103378 (30600000    / 296  )
104054 (30800000    / 296  )
104729 (31000000    / 296  )
105405 (31200000    / 296  )
106440 (31400000    / 295  )
107118 (31600000    / 295  )
107796 (31800000    / 295  )
108474 (32000000    / 295  )
109152 (32200000    / 295  )
110204 (32400000    / 294  )
110884 (32600000    / 294  )
111564 (32800000    / 294  )
112244 (33000000    / 294  )
112925 (33200000    / 294  )
113605 (33400000    / 294  )
114675 (33600000    / 293  )
115358 (33800000    / 293  )
116040 (34000000    / 293  )
116723 (34200000    / 293  )
117406 (34400000    / 293  )
118088 (34600000    / 293  )
119178 (34800000    / 292  )
119863 (35000000    / 292  )
120547 (35200000    / 292  )
121232 (35400000    / 292  )
121917 (35600000    / 292  )
122602 (35800000    / 292  )
123711 (36000000    / 291  )
124398 (36200000    / 291  )
125085 (36400000    / 291  )
125773 (36600000    / 291  )
126460 (36800000    / 291  )
127147 (37000000    / 291  )
128275 (37200000    / 290  )
128965 (37400000    / 290  )
129655 (37600000    / 290  )
130344 (37800000    / 290  )
131034 (38000000    / 290  )
131724 (38200000    / 290  )
132413 (38400000    / 290  )
133564 (38600000    / 289  )
134256 (38800000    / 289  )
134948 (39000000    / 289  )
135640 (39200000    / 289  )
136332 (39400000    / 289  )
137024 (39600000    / 289  )
137716 (39800000    / 289  )
138888 (40000000    / 288  )
139583 (40200000    / 288  )
140277 (40400000    / 288  )
140972 (40600000    / 288  )
141666 (40800000    / 288  )
142361 (41000000    / 288  )
143055 (41200000    / 288  )
144250 (41400000    / 287  )
144947 (41600000    / 287  )
145644 (41800000    / 287  )
146341 (42000000    / 287  )
147038 (42200000    / 287  )
147735 (42400000    / 287  )
148432 (42600000    / 287  )
149650 (42800000    / 286  )
150349 (43000000    / 286  )
151048 (43200000    / 286  )
151748 (43400000    / 286  )
152447 (43600000    / 286  )
153146 (43800000    / 286  )
153846 (44000000    / 286  )
154545 (44200000    / 286  )
155789 (44400000    / 285  )
156491 (44600000    / 285  )
157192 (44800000    / 285  )
157894 (45000000    / 285  )
158596 (45200000    / 285  )
159298 (45400000    / 285  )
160000 (45600000    / 285  )
160701 (45800000    / 285  )
161971 (46000000    / 284  )
162676 (46200000    / 284  )
163380 (46400000    / 284  )
164084 (46600000    / 284  )
164788 (46800000    / 284  )
165492 (47000000    / 284  )
166197 (47200000    / 284  )
166901 (47400000    / 284  )
168197 (47600000    / 283  )
168904 (47800000    / 283  )
169611 (48000000    / 283  )
170318 (48200000    / 283  )
171024 (48400000    / 283  )
171731 (48600000    / 283  )
172438 (48800000    / 283  )
173144 (49000000    / 283  )
174468 (49200000    / 282  )
175177 (49400000    / 282  )
175886 (49600000    / 282  )
176595 (49800000    / 282  )
177304 (50000000    / 282  )
344483 (106101002   / 308  )
346501 (107068922   / 309  )
349646 (108040900   / 309  )
352805 (109016944   / 309  )
355977 (109997063   / 309  )
359162 (110981267   / 309  )
361192 (111969564   / 310  )
364393 (112961963   / 310  )
367607 (113958473   / 310  )
370835 (114959103   / 310  )
372874 (115963861   / 311  )
347100 (116972757   / 337  )
350106 (117985800   / 337  )
352079 (119002998   / 338  )
354054 (120024360   / 339  )
357079 (121049896   / 339  )
359057 (122079614   / 340  )
362098 (123113523   / 340  )
364081 (124151632   / 341  )
366064 (125193950   / 342  )
369124 (126240486   / 342  )
371111 (127291249   / 343  )
374187 (128346247   / 343  )
376178 (129405490   / 344  )
378170 (130468987   / 345  )
381265 (131536746   / 345  )
383262 (132608777   / 346  )
386373 (133685088   / 346  )
388373 (134765688   / 347  )
390375 (135850586   / 348  )
393505 (136939792   / 348  )
395510 (138033314   / 349  )
397517 (139131161   / 350  )
400666 (140233342   / 350  )
402677 (141339865   / 351  )
404689 (142450741   / 352  )
407857 (143565978   / 352  )
409874 (144685584   / 353  )
413058 (145809569   / 353  )
415078 (146937942   / 354  )
417100 (148070712   / 355  )
420303 (149207887   / 355  )
422329 (150349476   / 356  )
424357 (151495490   / 357  )
427579 (152645935   / 357  )
429611 (153800822   / 358  )
431643 (154960160   / 359  )
434885 (156123957   / 359  )
436922 (157292222   / 360  )
438961 (158464965   / 361  )
442222 (159642194   / 361  )
444264 (160823918   / 362  )
446308 (162010147   / 363  )
448354 (163200889   / 364  )
451637 (164396153   / 364  )
453687 (165595948   / 365  )
455738 (166800283   / 366  )
459041 (168009168   / 366  )
461097 (169222610   / 367  )
463153 (170440620   / 368  )
465211 (171663206   / 369  )
468537 (172890377   / 369  )
470600 (174122142   / 370  )
472664 (175358510   / 371  )
476009 (176599490   / 371  )
478078 (177845091   / 372  )
480148 (179095323   / 373  )
482219 (180350193   / 374  )
485587 (181609712   / 374  )
487663 (182873887   / 375  )
489741 (184142729   / 376  )
491820 (185416246   / 377  )
495210 (186694446   / 377  )
497294 (187977340   / 378  )
499379 (189264936   / 379  )
501466 (190557244   / 380  )
504879 (191854271   / 380  )
506971 (193156027   / 381  )
509064 (194462522   / 382  )
511158 (195773764   / 383  )
514594 (197089762   / 383  )
516694 (198410525   / 384  )
518794 (199736062   / 385  )
520897 (201066383   / 386  )
523001 (202401496   / 387  )
526463 (203741411   / 387  )
528572 (205086135   / 388  )
530682 (206435679   / 389  )
532795 (207790052   / 390  )
534908 (209149262   / 391  )
538397 (210513318   / 391  )
540515 (211882230   / 392  )
542636 (213256007   / 393  )
544758 (214634657   / 394  )
546881 (216018190   / 395  )
550396 (217406614   / 395  )
552525 (218799940   / 396  )
554655 (220198174   / 397  )
556787 (221601328   / 398  )
558920 (223009410   / 399  )
561056 (224422429   / 400  )
564600 (225840393   / 400  )
566741 (227263313   / 401  )
568883 (228691196   / 402  )
571027 (230124053   / 403  )
573173 (231561892   / 404  )
575320 (233004722   / 405  )
577469 (234452553   / 406  )
581047 (235905393   / 406  )
583202 (237363251   / 407  )
585358 (238826137   / 408  )
587516 (240294060   / 409  )
589675 (241767028   / 410  )
591837 (243245051   / 411  )
594000 (244728137   / 412  )
596165 (246216297   / 413  )
599780 (247709538   / 413  )
601951 (249207870   / 414  )
604123 (250711303   / 415  )
606297 (252219844   / 416  )
608473 (253733504   / 417  )
610651 (255252291   / 418  )
612831 (256776215   / 419  )
615012 (258305284   / 420  )
617195 (259839508   / 421  )
619381 (261378895   / 422  )
623041 (262923455   / 422  )
625232 (264473197   / 423  )
627424 (266028130   / 424  )
629619 (267588263   / 425  )
631815 (269153605   / 426  )
634014 (270724165   / 427  )
636214 (272299952   / 428  )
638417 (273880976   / 429  )
640621 (275467246   / 430  )
642827 (277058770   / 431  )
645036 (278655558   / 432  )
647246 (280257618   / 433  )
649458 (281864961   / 434  )
651672 (283477594   / 435  )
653888 (285095528   / 436  )
656107 (286718771   / 437  )
659833 (288347332   / 437  )
662057 (289981221   / 438  )
664283 (291620446   / 439  )
666511 (293265017   / 440  )
668741 (294914943   / 441  )
670973 (296570233   / 442  )
673207 (298230896   / 443  )
675443 (299896941   / 444  )
677681 (301568378   / 445  )
679922 (303245215   / 446  )
682164 (304927461   / 447  )
684408 (306615126   / 448  )
686655 (308308219   / 449  )
688903 (310006749   / 450  )
691154 (311710725   / 451  )
693407 (313420156   / 452  )
695662 (315135052   / 453  )
697919 (316855421   / 454  )
700178 (318581272   / 455  )
702439 (320312616   / 456  )
704703 (322049460   / 457  )
706969 (323791814   / 458  )
709236 (325539688   / 459  )
709963 (327293090   / 461  )
712233 (329052029   / 462  )
714506 (330816515   / 463  )
716781 (332586556   / 464  )
719058 (334362163   / 465  )
721337 (336143344   / 466  )
723619 (337930108   / 467  )
725902 (339722464   / 468  )
728188 (341520422   / 469  )
730476 (343323990   / 470  )
732766 (345133178   / 471  )
735059 (346947996   / 472  )
737354 (348768451   / 473  )
739650 (350594554   / 474  )
741950 (352426313   / 475  )
744251 (354263738   / 476  )
746555 (356106838   / 477  )
747297 (357955621   / 479  )
749604 (359810098   / 480  )
751913 (361670277   / 481  )
754224 (363536168   / 482  )
756537 (365407779   / 483  )
758853 (367285120   / 484  )
761171 (369168201   / 485  )
763491 (371057029   / 486  )
765814 (372951615   / 487  )
766568 (374851967   / 489  )
768894 (376758095   / 490  )
771222 (378670008   / 491  )
773552 (380587715   / 492  )
775884 (382511225   / 493  )
778219 (384440548   / 494  )
780556 (386375692   / 495  )
782896 (388316667   / 496  )
783661 (390263482   / 498  )
786004 (392216147   / 499  )
788349 (394174670   / 500  )
790696 (396139060   / 501  )
793046 (398109327   / 502  )
795398 (400085481   / 503  )
797753 (402067529   / 504  )
798528 (404055482   / 506  )
800886 (406049348   / 507  )
803246 (408049137   / 508  )
805608 (410054858   / 509  )
807973 (412066521   / 510  )
810340 (414084134   / 511  )
811126 (416107706   / 513  )
813496 (418137247   / 514  )
815869 (420172766   / 515  )
818244 (422214273   / 516  )
820622 (424261776   / 517  )
821416 (426315284   / 519  )
823797 (428374808   / 520  )
826181 (430440355   / 521  )
828566 (432511936   / 522  )
830955 (434589559   / 523  )
831758 (436673235   / 525  )
834150 (438762971   / 526  )
836544 (440858777   / 527  )
838940 (442960663   / 528  )
839752 (445068637   / 530  )
842151 (447182709   / 531  )
844554 (449302888   / 532  )
846959 (451429184   / 533  )
849366 (453561605   / 534  )
850186 (455700161   / 536  )
852597 (457844861   / 537  )
855010 (459995714   / 538  )
857426 (462152730   / 539  )
858254 (464315917   / 541  )
860673 (466485285   / 542  )
863095 (468660844   / 543  )
865519 (470842602   / 544  )
866356 (473030568   / 546  )
868783 (475224753   / 547  )
871213 (477425164   / 548  )
872057 (479631812   / 550  )
874491 (481844706   / 551  )
876927 (484063855   / 552  )
879365 (486289267   / 553  )
880217 (488520954   / 555  )
882659 (490758922   / 556  )
885104 (493003183   / 557  )
885963 (495253745   / 559  )
1358907 (1045000000  / 769  )
1386768 (1090000000  / 786  )
1413449 (1135000000  / 803  )
1437271 (1180000000  / 821  )
1461813 (1225000000  / 838  )
1483644 (1270000000  / 856  )
1506300 (1315000000  / 873  )
1528089 (1360000000  / 890  )
1549062 (1405000000  / 907  )
1567567 (1450000000  / 925  )
1587048 (1495000000  / 942  )
1320754 (1540000000  / 1166 )
1321934 (1585000000  / 1199 )
1321978 (1630000000  / 1233 )
1323064 (1675000000  / 1266 )
1324095 (1720000000  / 1299 )
1325075 (1765000000  / 1332 )
1326007 (1810000000  / 1365 )
1326895 (1855000000  / 1398 )
1327742 (1900000000  / 1431 )
1328551 (1945000000  / 1464 )
1330213 (1990000000  / 1496 )
1330935 (2035000000  / 1529 )
1331626 (2080000000  / 1562 )
1332288 (2125000000  / 1595 )
1333743 (2170000000  / 1627 )
1334337 (2215000000  / 1660 )
1335697 (2260000000  / 1692 )
1336231 (2305000000  / 1725 )
1337507 (2350000000  / 1757 )
1337988 (2395000000  / 1790 )
1339187 (2440000000  / 1822 )
1340345 (2485000000  / 1854 )
1340752 (2530000000  / 1887 )
1341844 (2575000000  / 1919 )
1342901 (2620000000  / 1951 )
1343923 (2665000000  / 1983 )
1344913 (2710000000  / 2015 )
1345214 (2755000000  / 2048 )
1346153 (2800000000  / 2080 )
1347064 (2845000000  / 2112 )
1347947 (2890000000  / 2144 )
1349425 (2935000000  / 2175 )
1350249 (2980000000  / 2207 )
1351049 (3025000000  / 2239 )
1351827 (3070000000  / 2271 )
1352583 (3115000000  / 2303 )
1353898 (3160000000  / 2334 )
1354606 (3205000000  / 2366 )
1355296 (3250000000  / 2398 )
1356525 (3295000000  / 2429 )
1357171 (3340000000  / 2461 )
1358346 (3385000000  / 2492 )
1358954 (3430000000  / 2524 )
1360078 (3475000000  / 2555 )
1360649 (3520000000  / 2587 )
1361726 (3565000000  / 2618 )
1362778 (3610000000  / 2649 )
1363297 (3655000000  / 2681 )
1364306 (3700000000  / 2712 )
1365293 (3745000000  / 2743 )
1366258 (3790000000  / 2774 )
1367201 (3835000000  / 2805 )
1368124 (3880000000  / 2836 )
1369026 (3925000000  / 2867 )
1369910 (3970000000  / 2898 )
1370775 (4015000000  / 2929 )
1371621 (4060000000  / 2960 )
1372450 (4105000000  / 2991 )
1373262 (4150000000  / 3022 )
1374058 (4195000000  / 3053 )
1375283 (4240000000  / 3083 )
1376043 (4285000000  / 3114 )
1376788 (4330000000  / 3145 )
1377518 (4375000000  / 3176 )
1378665 (4420000000  / 3206 )
1379363 (4465000000  / 3237 )
1380471 (4510000000  / 3267 )
1381140 (4555000000  / 3298 )
1382211 (4600000000  / 3328 )
1382852 (4645000000  / 3359 )
1383889 (4690000000  / 3389 )
1384907 (4735000000  / 3419 )
1385507 (4780000000  / 3450 )
1386494 (4825000000  / 3480 )
1387464 (4870000000  / 3510 )
1388418 (4915000000  / 3540 )
1388966 (4960000000  / 3571 )
1389891 (5005000000  / 3601 )
1390801 (5050000000  / 3631 )
1391696 (5095000000  / 3661 )
1392576 (5140000000  / 3691 )
1393442 (5185000000  / 3721 )
1394294 (5230000000  / 3751 )
1395133 (5275000000  / 3781 )
1395959 (5320000000  / 3811 )
1396771 (5365000000  / 3841 )
1397932 (5410000000  / 3870 )
1398717 (5455000000  / 3900 )
1399491 (5500000000  / 3930 )
1400252 (5545000000  / 3960 )
1401353 (5590000000  / 3989 )
1402090 (5635000000  / 4019 )
1403162 (5680000000  / 4048 )
1403874 (5725000000  / 4078 )
1404576 (5770000000  / 4108 )
1405607 (5815000000  / 4137 )
1406287 (5860000000  / 4167 )
1407292 (5905000000  / 4196 )
1408284 (5950000000  / 4225 )
1408930 (5995000000  / 4255 )
1409897 (6040000000  / 4284 )
1410850 (6085000000  / 4313 )
1411466 (6130000000  / 4343 )
1412397 (6175000000  / 4372 )
1413315 (6220000000  / 4401 )
1414221 (6265000000  / 4430 )
1415115 (6310000000  / 4459 )
1415998 (6355000000  / 4488 )
1416869 (6400000000  / 4517 )
1417729 (6445000000  / 4546 )
1418579 (6490000000  / 4575 )
1419417 (6535000000  / 4604 )
1420246 (6580000000  / 4633 )
1421063 (6625000000  / 4662 )
1421871 (6670000000  / 4691 )
1422669 (6715000000  / 4720 )
1423457 (6760000000  / 4749 )
1424534 (6805000000  / 4777 )
1425301 (6850000000  / 4806 )
1426059 (6895000000  / 4835 )
1427102 (6940000000  / 4863 )
1427841 (6985000000  / 4892 )
1428571 (7030000000  / 4921 )
1429581 (7075000000  / 4949 )
1430293 (7120000000  / 4978 )
1431282 (7165000000  / 5006 )
1431976 (7210000000  / 5035 )
1432944 (7255000000  / 5063 )
1433621 (7300000000  / 5092 )
1434570 (7345000000  / 5120 )
1435508 (7390000000  / 5148 )
1436159 (7435000000  / 5177 )
1437079 (7480000000  / 5205 )
1437989 (7525000000  / 5233 )
1438889 (7570000000  / 5261 )
1439508 (7615000000  / 5290 )
1440391 (7660000000  / 5318 )
1441264 (7705000000  / 5346 )
1442128 (7750000000  / 5374 )
1442984 (7795000000  / 5402 )
1443830 (7840000000  / 5430 )
1444668 (7885000000  / 5458 )
1445497 (7930000000  / 5486 )
1446318 (7975000000  / 5514 )
1447130 (8020000000  / 5542 )
1447935 (8065000000  / 5570 )
1448731 (8110000000  / 5598 )
1449777 (8155000000  / 5625 )
1450557 (8200000000  / 5653 )
1451328 (8245000000  / 5681 )
1452093 (8290000000  / 5709 )
1453103 (8335000000  / 5736 )
1453851 (8380000000  / 5764 )
1454592 (8425000000  / 5792 )
1455576 (8470000000  / 5819 )
1456302 (8515000000  / 5847 )
1457269 (8560000000  / 5874 )
1457980 (8605000000  / 5902 )
1458930 (8650000000  / 5929 )
1459627 (8695000000  / 5957 )
1460561 (8740000000  / 5984 )
1461244 (8785000000  / 6012 )
1462162 (8830000000  / 6039 )
1463072 (8875000000  / 6066 )
1463734 (8920000000  / 6094 )
1464629 (8965000000  / 6121 )
1465517 (9010000000  / 6148 )
1466396 (9055000000  / 6175 )
1467032 (9100000000  / 6203 )
1467897 (9145000000  / 6230 )
1468754 (9190000000  / 6257 )
1469605 (9235000000  / 6284 )
1470448 (9280000000  / 6311 )
1471284 (9325000000  / 6338 )
1472113 (9370000000  / 6365 )
1472934 (9415000000  / 6392 )
1473749 (9460000000  / 6419 )
1474557 (9505000000  / 6446 )
1475359 (9550000000  / 6473 )
1476153 (9595000000  / 6500 )
1476941 (9640000000  / 6527 )
1477723 (9685000000  / 6554 )
1478723 (9730000000  / 6580 )
1479491 (9775000000  / 6607 )
1480253 (9820000000  / 6634 )
1481008 (9865000000  / 6661 )
1481979 (9910000000  / 6687 )
1482722 (9955000000  / 6714 )
1483459 (10000000000 / 6741 )
1942432 (19010585314 / 9787 )
1960952 (19599715635 / 9995 )
1978856 (20194226100 / 10205)
1996366 (20794150393 / 10416)
2013314 (21399522310 / 10629)
2029915 (22010375765 / 10843)
2046002 (22626744785 / 11059)
2061600 (23248663513 / 11277)
2076910 (23876166205 / 11496)
2091771 (24509287235 / 11717)
2106202 (25148061089 / 11940)
1700680 (25792522371 / 15166)
1698093 (26442705797 / 15572)
1695572 (27098646201 / 15982)
1693222 (27760378532 / 16395)
1691031 (28427937853 / 16811)
1688895 (29101359343 / 17231)
1686908 (29780678298 / 17654)
1684969 (30465930127 / 18081)
1683169 (31157150357 / 18511)
1681502 (31854374629 / 18944)
1679874 (32557638702 / 19381)
1678370 (33266978448 / 19821)
1676985 (33982429857 / 20264)
1675632 (34704029034 / 20711)
1674313 (35431812201 / 21162)
1673103 (36165815694 / 21616)
1671925 (36906075968 / 22074)
1670851 (37652629591 / 22535)
1669804 (38405513251 / 23000)
1668858 (39164763750 / 23468)
1667937 (39930418006 / 23940)
1667042 (40702513055 / 24416)
1666241 (41481086048 / 24895)
1665465 (42266174255 / 25378)
1664713 (43057815059 / 25865)
1663987 (43856045963 / 26356)
1663348 (44660904584 / 26850)
1662733 (45472428660 / 27348)
1662201 (46290656041 / 27849)
1661633 (47115624696 / 28355)
1661147 (47947372713 / 28864)
1660684 (48785938294 / 29377)
1660244 (49631359760 / 29894)
1659828 (50483675548 / 30415)
1659435 (51342924212 / 30940)
1659118 (52209144426 / 31468)
1658772 (53082374978 / 32001)
1658501 (53962654776 / 32537)
