3     (15000       / 5000   )
4     (20000       / 5000   )
5     (25000       / 5000   )
6     (30000       / 5000   )
7     (35000       / 5000   )
8     (40000       / 5000   )
9     (45000       / 5000   )
9     (50000       / 5001   )
10    (55000       / 5001   )
11    (60000       / 5001   )
12    (65000       / 5001   )
13    (70000       / 5001   )
14    (75000       / 5001   )
15    (80000       / 5001   )
16    (85000       / 5001   )
17    (90000       / 5001   )
18    (95000       / 5001   )
19    (100000      / 5002   )
20    (105000      / 5002   )
21    (110000      / 5002   )
22    (115000      / 5002   )
23    (120000      / 5002   )
24    (125000      / 5002   )
25    (130000      / 5002   )
26    (135000      / 5002   )
27    (140000      / 5002   )
28    (145000      / 5002   )
29    (150000      / 5003   )
30    (155000      / 5003   )
31    (160000      / 5003   )
32    (165000      / 5003   )
33    (170000      / 5003   )
34    (175000      / 5003   )
35    (180000      / 5003   )
36    (185000      / 5003   )
37    (190000      / 5003   )
38    (195000      / 5003   )
39    (200000      / 5004   )
40    (205000      / 5004   )
41    (210000      / 5004   )
42    (215000      / 5004   )
43    (220000      / 5004   )
44    (225000      / 5004   )
45    (230000      / 5004   )
46    (235000      / 5004   )
47    (240000      / 5004   )
48    (245000      / 5004   )
49    (250000      / 5005   )
50    (255000      / 5005   )
51    (260000      / 5005   )
52    (265000      / 5005   )
53    (270000      / 5005   )
54    (275000      / 5005   )
55    (280000      / 5005   )
56    (285000      / 5005   )
57    (290000      / 5005   )
58    (295000      / 5005   )
59    (300000      / 5006   )
60    (305000      / 5006   )
61    (310000      / 5006   )
62    (315000      / 5006   )
63    (320000      / 5006   )
64    (325000      / 5006   )
65    (330000      / 5006   )
66    (335000      / 5006   )
67    (340000      / 5006   )
68    (345000      / 5006   )
69    (350000      / 5007   )
70    (355000      / 5007   )
71    (360000      / 5007   )
72    (365000      / 5007   )
73    (370000      / 5007   )
74    (375000      / 5007   )
75    (380000      / 5007   )
76    (385000      / 5007   )
77    (390000      / 5007   )
78    (395000      / 5007   )
79    (400000      / 5008   )
80    (405000      / 5008   )
81    (410000      / 5008   )
82    (415000      / 5008   )
83    (420000      / 5008   )
84    (425000      / 5008   )
85    (430000      / 5008   )
86    (435000      / 5008   )
87    (440000      / 5008   )
88    (445000      / 5008   )
89    (450000      / 5009   )
90    (455000      / 5009   )
91    (460000      / 5009   )
92    (465000      / 5009   )
93    (470000      / 5009   )
94    (475000      / 5009   )
95    (480000      / 5009   )
96    (485000      / 5009   )
97    (490000      / 5009   )
98    (495000      / 5009   )
99    (500000      / 5010   )
100   (505000      / 5010   )
101   (510000      / 5010   )
192   (967991      / 5019   )
195   (982367      / 5019   )
198   (996815      / 5019   )
201   (1011336     / 5020   )
204   (1025929     / 5020   )
207   (1040595     / 5020   )
210   (1055335     / 5021   )
213   (1070149     / 5021   )
216   (1085037     / 5021   )
219   (1100000     / 5022   )
222   (1115037     / 5022   )
225   (1130150     / 5022   )
228   (1145339     / 5022   )
231   (1160603     / 5023   )
234   (1175945     / 5023   )
237   (1191363     / 5023   )
240   (1206858     / 5024   )
243   (1222431     / 5024   )
246   (1238082     / 5024   )
249   (1253811     / 5025   )
252   (1269619     / 5025   )
255   (1285506     / 5025   )
258   (1301472     / 5026   )
262   (1317518     / 5026   )
265   (1333644     / 5026   )
268   (1349851     / 5026   )
271   (1366138     / 5027   )
275   (1382506     / 5027   )
278   (1398956     / 5027   )
281   (1415488     / 5028   )
284   (1432102     / 5028   )
288   (1448798     / 5028   )
291   (1465577     / 5029   )
294   (1482439     / 5029   )
298   (1499385     / 5029   )
301   (1516415     / 5030   )
304   (1533529     / 5030   )
308   (1550727     / 5031   )
311   (1568010     / 5031   )
315   (1585379     / 5031   )
318   (1602833     / 5032   )
322   (1620373     / 5032   )
325   (1637998     / 5032   )
328   (1655711     / 5033   )
332   (1673510     / 5033   )
336   (1691397     / 5033   )
339   (1709371     / 5034   )
343   (1727432     / 5034   )
346   (1745582     / 5034   )
350   (1763820     / 5035   )
353   (1782147     / 5035   )
357   (1800563     / 5036   )
361   (1819068     / 5036   )
364   (1837664     / 5036   )
368   (1856349     / 5037   )
372   (1875124     / 5037   )
376   (1893990     / 5037   )
379   (1912947     / 5038   )
383   (1931995     / 5038   )
387   (1951135     / 5039   )
391   (1970366     / 5039   )
394   (1989690     / 5039   )
398   (2009106     / 5040   )
402   (2028615     / 5040   )
406   (2048217     / 5040   )
410   (2067913     / 5041   )
414   (2087702     / 5041   )
418   (2107585     / 5042   )
421   (2127562     / 5042   )
425   (2147634     / 5042   )
429   (2167801     / 5043   )
433   (2188063     / 5043   )
437   (2208420     / 5044   )
441   (2228873     / 5044   )
445   (2249422     / 5044   )
449   (2270068     / 5045   )
454   (2290810     / 5045   )
458   (2311649     / 5046   )
462   (2332586     / 5046   )
466   (2353619     / 5047   )
470   (2374751     / 5047   )
474   (2395981     / 5047   )
478   (2417309     / 5048   )
483   (2438735     / 5048   )
487   (2460261     / 5049   )
491   (2481886     / 5049   )
495   (2503610     / 5050   )
500   (2525434     / 5050   )
504   (2547358     / 5050   )
508   (2569383     / 5051   )
513   (2591508     / 5051   )
517   (2613734     / 5052   )
521   (2636061     / 5052   )
526   (2658490     / 5053   )
530   (2681020     / 5053   )
534   (2703653     / 5054   )
539   (2726387     / 5054   )
543   (2749225     / 5054   )
548   (2772165     / 5055   )
552   (2795208     / 5055   )
557   (2818354     / 5056   )
562   (2841605     / 5056   )
566   (2864959     / 5057   )
571   (2888417     / 5057   )
575   (2911980     / 5058   )
580   (2935648     / 5058   )
584   (2959420     / 5059   )
589   (2983298     / 5059   )
594   (3007281     / 5060   )
599   (3031370     / 5060   )
603   (3055566     / 5061   )
608   (3079867     / 5061   )
613   (3104275     / 5062   )
618   (3128790     / 5062   )
622   (3153412     / 5063   )
627   (3178142     / 5063   )
632   (3202979     / 5064   )
637   (3227924     / 5064   )
642   (3252977     / 5065   )
647   (3278139     / 5065   )
652   (3303409     / 5066   )
657   (3328789     / 5066   )
661   (3354277     / 5067   )
667   (3379875     / 5067   )
671   (3405583     / 5068   )
677   (3431400     / 5068   )
682   (3457328     / 5069   )
687   (3483366     / 5069   )
692   (3509515     / 5070   )
697   (3535776     / 5070   )
702   (3562147     / 5071   )
707   (3588630     / 5071   )
712   (3615224     / 5072   )
718   (3641931     / 5072   )
723   (3668750     / 5073   )
728   (3695681     / 5073   )
733   (3722725     / 5074   )
739   (3749882     / 5074   )
744   (3777152     / 5075   )
749   (3804536     / 5076   )
754   (3832033     / 5076   )
760   (3859645     / 5077   )
765   (3887371     / 5077   )
771   (3915211     / 5078   )
776   (3943166     / 5078   )
781   (3971236     / 5079   )
787   (3999421     / 5079   )
792   (4027722     / 5080   )
798   (4056138     / 5081   )
803   (4084670     / 5081   )
809   (4113319     / 5082   )
815   (4142084     / 5082   )
820   (4170965     / 5083   )
826   (4199964     / 5083   )
831   (4229079     / 5084   )
837   (4258312     / 5085   )
843   (4287663     / 5085   )
848   (4317131     / 5086   )
854   (4346718     / 5086   )
860   (4376423     / 5087   )
866   (4406247     / 5088   )
871   (4436189     / 5088   )
877   (4466250     / 5089   )
883   (4496431     / 5089   )
889   (4526731     / 5090   )
895   (4557152     / 5091   )
901   (4587692     / 5091   )
906   (4618352     / 5092   )
913   (4649133     / 5092   )
918   (4680034     / 5093   )
924   (4711056     / 5094   )
930   (4742200     / 5094   )
936   (4773465     / 5095   )
942   (4804851     / 5096   )
949   (4836360     / 5096   )
955   (4867990     / 5097   )
961   (4899743     / 5097   )
967   (4931619     / 5098   )
973   (4963617     / 5099   )
979   (4995738     / 5099   )
985   (5027982     / 5100   )
992   (5060350     / 5101   )
998   (5092842     / 5101   )
1004  (5125457     / 5102   )
1010  (5158197     / 5103   )
1017  (5191061     / 5103   )
1023  (5224050     / 5104   )
1029  (5257163     / 5105   )
1036  (5290402     / 5105   )
1042  (5323765     / 5106   )
1049  (5357255     / 5107   )
1055  (5390870     / 5107   )
1061  (5424611     / 5108   )
1068  (5458478     / 5109   )
1075  (5492471     / 5109   )
1081  (5526591     / 5110   )
1088  (5560838     / 5111   )
1094  (5595212     / 5111   )
1101  (5629714     / 5112   )
1107  (5664342     / 5113   )
1960  (10200000    / 5204   )
1996  (10400000    / 5208   )
2033  (10600000    / 5212   )
2070  (10800000    / 5216   )
2107  (11000000    / 5220   )
2143  (11200000    / 5224   )
2180  (11400000    / 5228   )
2217  (11600000    / 5232   )
2253  (11800000    / 5236   )
2290  (12000000    / 5240   )
2326  (12200000    / 5244   )
2362  (12400000    / 5248   )
2399  (12600000    / 5252   )
2435  (12800000    / 5256   )
2471  (13000000    / 5260   )
2507  (13200000    / 5264   )
2543  (13400000    / 5268   )
2579  (13600000    / 5272   )
2615  (13800000    / 5276   )
2651  (14000000    / 5280   )
2687  (14200000    / 5284   )
2723  (14400000    / 5288   )
2758  (14600000    / 5292   )
2794  (14800000    / 5296   )
2830  (15000000    / 5300   )
2865  (15200000    / 5304   )
2901  (15400000    / 5308   )
2936  (15600000    / 5312   )
2972  (15800000    / 5316   )
3007  (16000000    / 5320   )
3042  (16200000    / 5324   )
3078  (16400000    / 5328   )
3113  (16600000    / 5332   )
3148  (16800000    / 5336   )
3183  (17000000    / 5340   )
3218  (17200000    / 5344   )
3253  (17400000    / 5348   )
3288  (17600000    / 5352   )
3323  (17800000    / 5356   )
3358  (18000000    / 5360   )
3392  (18200000    / 5364   )
3427  (18400000    / 5368   )
3462  (18600000    / 5372   )
3497  (18800000    / 5376   )
3531  (19000000    / 5380   )
3566  (19200000    / 5384   )
3600  (19400000    / 5388   )
3635  (19600000    / 5392   )
3669  (19800000    / 5396   )
3703  (20000000    / 5400   )
3737  (20200000    / 5404   )
3772  (20400000    / 5408   )
3806  (20600000    / 5412   )
3840  (20800000    / 5416   )
3874  (21000000    / 5420   )
3908  (21200000    / 5424   )
3942  (21400000    / 5428   )
3976  (21600000    / 5432   )
4010  (21800000    / 5436   )
4044  (22000000    / 5440   )
4077  (22200000    / 5444   )
4111  (22400000    / 5448   )
4145  (22600000    / 5452   )
4178  (22800000    / 5456   )
4212  (23000000    / 5460   )
4245  (23200000    / 5464   )
4279  (23400000    / 5468   )
4312  (23600000    / 5472   )
4346  (23800000    / 5476   )
4379  (24000000    / 5480   )
4412  (24200000    / 5484   )
4446  (24400000    / 5488   )
4479  (24600000    / 5492   )
4512  (24800000    / 5496   )
4545  (25000000    / 5500   )
4578  (25200000    / 5504   )
4611  (25400000    / 5508   )
4644  (25600000    / 5512   )
4677  (25800000    / 5516   )
4710  (26000000    / 5520   )
4742  (26200000    / 5524   )
4775  (26400000    / 5528   )
4808  (26600000    / 5532   )
4841  (26800000    / 5536   )
4873  (27000000    / 5540   )
4906  (27200000    / 5544   )
4938  (27400000    / 5548   )
4971  (27600000    / 5552   )
5003  (27800000    / 5556   )
5035  (28000000    / 5560   )
5068  (28200000    / 5564   )
5100  (28400000    / 5568   )
5132  (28600000    / 5572   )
5164  (28800000    / 5576   )
5197  (29000000    / 5580   )
5229  (29200000    / 5584   )
5261  (29400000    / 5588   )
5293  (29600000    / 5592   )
5325  (29800000    / 5596   )
5357  (30000000    / 5600   )
5389  (30200000    / 5604   )
5420  (30400000    / 5608   )
5452  (30600000    / 5612   )
5484  (30800000    / 5616   )
5516  (31000000    / 5620   )
5547  (31200000    / 5624   )
5579  (31400000    / 5628   )
5610  (31600000    / 5632   )
5642  (31800000    / 5636   )
5673  (32000000    / 5640   )
5705  (32200000    / 5644   )
5736  (32400000    / 5648   )
5767  (32600000    / 5652   )
5799  (32800000    / 5656   )
5830  (33000000    / 5660   )
5861  (33200000    / 5664   )
5892  (33400000    / 5668   )
5923  (33600000    / 5672   )
5954  (33800000    / 5676   )
5985  (34000000    / 5680   )
6016  (34200000    / 5684   )
6047  (34400000    / 5688   )
6078  (34600000    / 5692   )
6109  (34800000    / 5696   )
6140  (35000000    / 5700   )
6171  (35200000    / 5704   )
6201  (35400000    / 5708   )
6232  (35600000    / 5712   )
6263  (35800000    / 5716   )
6293  (36000000    / 5720   )
6324  (36200000    / 5724   )
6354  (36400000    / 5728   )
6385  (36600000    / 5732   )
6415  (36800000    / 5736   )
6445  (37000000    / 5740   )
6476  (37200000    / 5744   )
6506  (37400000    / 5748   )
6536  (37600000    / 5752   )
6567  (37800000    / 5756   )
6597  (38000000    / 5760   )
6627  (38200000    / 5764   )
6657  (38400000    / 5768   )
6687  (38600000    / 5772   )
6717  (38800000    / 5776   )
6747  (39000000    / 5780   )
6777  (39200000    / 5784   )
6807  (39400000    / 5788   )
6837  (39600000    / 5792   )
6866  (39800000    / 5796   )
6896  (40000000    / 5800   )
6926  (40200000    / 5804   )
6955  (40400000    / 5808   )
6985  (40600000    / 5812   )
7015  (40800000    / 5816   )
7044  (41000000    / 5820   )
7074  (41200000    / 5824   )
7103  (41400000    / 5828   )
7133  (41600000    / 5832   )
7162  (41800000    / 5836   )
7191  (42000000    / 5840   )
7221  (42200000    / 5844   )
7250  (42400000    / 5848   )
7279  (42600000    / 5852   )
7308  (42800000    / 5856   )
7337  (43000000    / 5860   )
7366  (43200000    / 5864   )
7396  (43400000    / 5868   )
7425  (43600000    / 5872   )
7454  (43800000    / 5876   )
7482  (44000000    / 5880   )
7511  (44200000    / 5884   )
7540  (44400000    / 5888   )
7569  (44600000    / 5892   )
7598  (44800000    / 5896   )
7627  (45000000    / 5900   )
7655  (45200000    / 5904   )
7684  (45400000    / 5908   )
7713  (45600000    / 5912   )
7741  (45800000    / 5916   )
7770  (46000000    / 5920   )
7798  (46200000    / 5924   )
7827  (46400000    / 5928   )
7855  (46600000    / 5932   )
7884  (46800000    / 5936   )
7912  (47000000    / 5940   )
7940  (47200000    / 5944   )
7969  (47400000    / 5948   )
7997  (47600000    / 5952   )
8025  (47800000    / 5956   )
8053  (48000000    / 5960   )
8081  (48200000    / 5964   )
8109  (48400000    / 5968   )
8137  (48600000    / 5972   )
8165  (48800000    / 5976   )
8193  (49000000    / 5980   )
8221  (49200000    / 5984   )
8249  (49400000    / 5988   )
8277  (49600000    / 5992   )
8305  (49800000    / 5996   )
8333  (50000000    / 6000   )
14897 (106101002   / 7122   )
14993 (107068922   / 7141   )
15089 (108040900   / 7160   )
15183 (109016944   / 7180   )
15279 (109997063   / 7199   )
15373 (110981267   / 7219   )
15467 (111969564   / 7239   )
15561 (112961963   / 7259   )
15655 (113958473   / 7279   )
15749 (114959103   / 7299   )
15844 (115963861   / 7319   )
15938 (116972757   / 7339   )
16032 (117985800   / 7359   )
16125 (119002998   / 7380   )
16219 (120024360   / 7400   )
16314 (121049896   / 7420   )
16406 (122079614   / 7441   )
16498 (123113523   / 7462   )
16591 (124151632   / 7483   )
16685 (125193950   / 7503   )
16778 (126240486   / 7524   )
16870 (127291249   / 7545   )
16963 (128346247   / 7566   )
17053 (129405490   / 7588   )
17146 (130468987   / 7609   )
17239 (131536746   / 7630   )
17329 (132608777   / 7652   )
17422 (133685088   / 7673   )
17513 (134765688   / 7695   )
17604 (135850586   / 7717   )
17697 (136939792   / 7738   )
17787 (138033314   / 7760   )
17878 (139131161   / 7782   )
17969 (140233342   / 7804   )
18060 (141339865   / 7826   )
18148 (142450741   / 7849   )
18239 (143565978   / 7871   )
18330 (144685584   / 7893   )
18419 (145809569   / 7916   )
18510 (146937942   / 7938   )
18599 (148070712   / 7961   )
18688 (149207887   / 7984   )
18779 (150349476   / 8006   )
18868 (151495490   / 8029   )
18957 (152645935   / 8052   )
19044 (153800822   / 8076   )
19133 (154960160   / 8099   )
19222 (156123957   / 8122   )
19311 (157292222   / 8145   )
19398 (158464965   / 8169   )
19487 (159642194   / 8192   )
19574 (160823918   / 8216   )
19661 (162010147   / 8240   )
19748 (163200889   / 8264   )
19837 (164396153   / 8287   )
19924 (165595948   / 8311   )
20009 (166800283   / 8336   )
20096 (168009168   / 8360   )
20183 (169222610   / 8384   )
20271 (170440620   / 8408   )
20356 (171663206   / 8433   )
20443 (172890377   / 8457   )
20528 (174122142   / 8482   )
20613 (175358510   / 8507   )
20700 (176599490   / 8531   )
20786 (177845091   / 8556   )
20871 (179095323   / 8581   )
20953 (180350193   / 8607   )
21039 (181609712   / 8632   )
21124 (182873887   / 8657   )
21209 (184142729   / 8682   )
21292 (185416246   / 8708   )
21378 (186694446   / 8733   )
21461 (187977340   / 8759   )
21544 (189264936   / 8785   )
21627 (190557244   / 8811   )
21710 (191854271   / 8837   )
21793 (193156027   / 8863   )
21876 (194462522   / 8889   )
21960 (195773764   / 8915   )
22043 (197089762   / 8941   )
22124 (198410525   / 8968   )
22207 (199736062   / 8994   )
22288 (201066383   / 9021   )
22369 (202401496   / 9048   )
22453 (203741411   / 9074   )
22534 (205086135   / 9101   )
22615 (206435679   / 9128   )
22696 (207790052   / 9155   )
22778 (209149262   / 9182   )
22857 (210513318   / 9210   )
22938 (211882230   / 9237   )
23017 (213256007   / 9265   )
23098 (214634657   / 9292   )
23177 (216018190   / 9320   )
23257 (217406614   / 9348   )
23338 (218799940   / 9375   )
23417 (220198174   / 9403   )
23494 (221601328   / 9432   )
23573 (223009410   / 9460   )
23653 (224422429   / 9488   )
23732 (225840393   / 9516   )
23809 (227263313   / 9545   )
23889 (228691196   / 9573   )
23966 (230124053   / 9602   )
24043 (231561892   / 9631   )
24120 (233004722   / 9660   )
24197 (234452553   / 9689   )
24275 (235905393   / 9718   )
24352 (237363251   / 9747   )
24429 (238826137   / 9776   )
24507 (240294060   / 9805   )
24582 (241767028   / 9835   )
24659 (243245051   / 9864   )
24735 (244728137   / 9894   )
24810 (246216297   / 9924   )
24885 (247709538   / 9954   )
24960 (249207870   / 9984   )
25036 (250711303   / 10014  )
25111 (252219844   / 10044  )
25186 (253733504   / 10074  )
25259 (255252291   / 10105  )
25335 (256776215   / 10135  )
25408 (258305284   / 10166  )
25484 (259839508   / 10196  )
25557 (261378895   / 10227  )
25631 (262923455   / 10258  )
25704 (264473197   / 10289  )
25777 (266028130   / 10320  )
25851 (267588263   / 10351  )
25922 (269153605   / 10383  )
25996 (270724165   / 10414  )
26069 (272299952   / 10445  )
26141 (273880976   / 10477  )
26212 (275467246   / 10509  )
26283 (277058770   / 10541  )
26355 (278655558   / 10573  )
26426 (280257618   / 10605  )
26498 (281864961   / 10637  )
26570 (283477594   / 10669  )
26641 (285095528   / 10701  )
26711 (286718771   / 10734  )
26783 (288347332   / 10766  )
26852 (289981221   / 10799  )
26922 (291620446   / 10832  )
26991 (293265017   / 10865  )
27061 (294914943   / 10898  )
27131 (296570233   / 10931  )
27200 (298230896   / 10964  )
27270 (299896941   / 10997  )
27338 (301568378   / 11031  )
27408 (303245215   / 11064  )
27475 (304927461   / 11098  )
27543 (306615126   / 11132  )
27611 (308308219   / 11166  )
27679 (310006749   / 11200  )
27747 (311710725   / 11234  )
27815 (313420156   / 11268  )
27883 (315135052   / 11302  )
27948 (316855421   / 11337  )
28016 (318581272   / 11371  )
28082 (320312616   / 11406  )
28151 (322049460   / 11440  )
28217 (323791814   / 11475  )
28283 (325539688   / 11510  )
28349 (327293090   / 11545  )
28413 (329052029   / 11581  )
28479 (330816515   / 11616  )
28545 (332586556   / 11651  )
28609 (334362163   / 11687  )
28676 (336143344   / 11722  )
28740 (337930108   / 11758  )
28804 (339722464   / 11794  )
28869 (341520422   / 11830  )
28933 (343323990   / 11866  )
28997 (345133178   / 11902  )
29062 (346947996   / 11938  )
29124 (348768451   / 11975  )
29189 (350594554   / 12011  )
29251 (352426313   / 12048  )
29314 (354263738   / 12085  )
29376 (356106838   / 12122  )
29439 (357955621   / 12159  )
29502 (359810098   / 12196  )
29565 (361670277   / 12233  )
29628 (363536168   / 12270  )
29688 (365407779   / 12308  )
29751 (367285120   / 12345  )
29812 (369168201   / 12383  )
29873 (371057029   / 12421  )
29934 (372951615   / 12459  )
29995 (374851967   / 12497  )
30056 (376758095   / 12535  )
30117 (378670008   / 12573  )
30179 (380587715   / 12611  )
30238 (382511225   / 12650  )
30299 (384440548   / 12688  )
30358 (386375692   / 12727  )
30418 (388316667   / 12766  )
30477 (390263482   / 12805  )
30536 (392216147   / 12844  )
30596 (394174670   / 12883  )
30656 (396139060   / 12922  )
30713 (398109327   / 12962  )
30773 (400085481   / 13001  )
30831 (402067529   / 13041  )
30888 (404055482   / 13081  )
30948 (406049348   / 13120  )
31006 (408049137   / 13160  )
31062 (410054858   / 13201  )
31120 (412066521   / 13241  )
31178 (414084134   / 13281  )
31234 (416107706   / 13322  )
31293 (418137247   / 13362  )
31349 (420172766   / 13403  )
31405 (422214273   / 13444  )
31461 (424261776   / 13485  )
31518 (426315284   / 13526  )
31574 (428374808   / 13567  )
31631 (430440355   / 13608  )
31685 (432511936   / 13650  )
31742 (434589559   / 13691  )
31797 (436673235   / 13733  )
31852 (438762971   / 13775  )
31906 (440858777   / 13817  )
31961 (442960663   / 13859  )
32017 (445068637   / 13901  )
32072 (447182709   / 13943  )
32125 (449302888   / 13986  )
32180 (451429184   / 14028  )
32233 (453561605   / 14071  )
32287 (455700161   / 14114  )
32342 (457844861   / 14156  )
32396 (459995714   / 14199  )
32447 (462152730   / 14243  )
32501 (464315917   / 14286  )
32555 (466485285   / 14329  )
32607 (468660844   / 14373  )
32661 (470842602   / 14416  )
32713 (473030568   / 14460  )
32765 (475224753   / 14504  )
32817 (477425164   / 14548  )
32869 (479631812   / 14592  )
32921 (481844706   / 14636  )
32972 (484063855   / 14681  )
33024 (486289267   / 14725  )
33075 (488520954   / 14770  )
33125 (490758922   / 14815  )
33176 (493003183   / 14860  )
33227 (495253745   / 14905  )
40347 (1045000000  / 25900  )
40671 (1090000000  / 26800  )
40974 (1135000000  / 27700  )
41258 (1180000000  / 28600  )
41525 (1225000000  / 29500  )
41776 (1270000000  / 30400  )
42012 (1315000000  / 31300  )
42236 (1360000000  / 32200  )
42447 (1405000000  / 33100  )
42647 (1450000000  / 34000  )
42836 (1495000000  / 34900  )
43016 (1540000000  / 35800  )
43188 (1585000000  / 36700  )
43351 (1630000000  / 37600  )
43506 (1675000000  / 38500  )
43654 (1720000000  / 39400  )
43796 (1765000000  / 40300  )
43932 (1810000000  / 41200  )
44061 (1855000000  / 42100  )
44186 (1900000000  / 43000  )
44305 (1945000000  / 43900  )
44419 (1990000000  / 44800  )
44529 (2035000000  / 45700  )
44635 (2080000000  / 46600  )
44736 (2125000000  / 47500  )
44834 (2170000000  / 48400  )
44929 (2215000000  / 49300  )
45019 (2260000000  / 50200  )
45107 (2305000000  / 51100  )
45192 (2350000000  / 52000  )
45274 (2395000000  / 52900  )
45353 (2440000000  / 53800  )
45429 (2485000000  / 54700  )
45503 (2530000000  / 55600  )
45575 (2575000000  / 56500  )
45644 (2620000000  / 57400  )
45711 (2665000000  / 58300  )
45777 (2710000000  / 59200  )
45840 (2755000000  / 60100  )
45901 (2800000000  / 61000  )
45961 (2845000000  / 61900  )
46019 (2890000000  / 62800  )
46075 (2935000000  / 63700  )
46130 (2980000000  / 64600  )
46183 (3025000000  / 65500  )
46234 (3070000000  / 66400  )
46285 (3115000000  / 67300  )
46334 (3160000000  / 68200  )
46382 (3205000000  / 69100  )
46428 (3250000000  / 70000  )
46473 (3295000000  / 70900  )
46518 (3340000000  / 71800  )
46561 (3385000000  / 72700  )
46603 (3430000000  / 73600  )
46644 (3475000000  / 74500  )
46684 (3520000000  / 75400  )
46723 (3565000000  / 76300  )
46761 (3610000000  / 77200  )
46798 (3655000000  / 78100  )
46835 (3700000000  / 79000  )
46871 (3745000000  / 79900  )
46905 (3790000000  / 80800  )
46940 (3835000000  / 81700  )
46973 (3880000000  / 82600  )
47005 (3925000000  / 83500  )
47037 (3970000000  / 84400  )
47069 (4015000000  / 85300  )
47099 (4060000000  / 86200  )
47129 (4105000000  / 87100  )
47159 (4150000000  / 88000  )
47187 (4195000000  / 88900  )
47216 (4240000000  / 89800  )
47243 (4285000000  / 90700  )
47270 (4330000000  / 91600  )
47297 (4375000000  / 92500  )
47323 (4420000000  / 93400  )
47348 (4465000000  / 94300  )
47373 (4510000000  / 95200  )
47398 (4555000000  / 96100  )
47422 (4600000000  / 97000  )
47446 (4645000000  / 97900  )
47469 (4690000000  / 98800  )
47492 (4735000000  / 99700  )
47514 (4780000000  / 100600 )
47536 (4825000000  / 101500 )
47558 (4870000000  / 102400 )
47579 (4915000000  / 103300 )
47600 (4960000000  / 104200 )
47621 (5005000000  / 105100 )
47641 (5050000000  / 106000 )
47661 (5095000000  / 106900 )
47680 (5140000000  / 107800 )
47700 (5185000000  / 108700 )
47718 (5230000000  / 109600 )
47737 (5275000000  / 110500 )
47755 (5320000000  / 111400 )
47773 (5365000000  / 112300 )
47791 (5410000000  / 113200 )
47808 (5455000000  / 114100 )
47826 (5500000000  / 115000 )
47842 (5545000000  / 115900 )
47859 (5590000000  / 116800 )
47875 (5635000000  / 117700 )
47892 (5680000000  / 118600 )
47907 (5725000000  / 119500 )
47923 (5770000000  / 120400 )
47938 (5815000000  / 121300 )
47954 (5860000000  / 122200 )
47969 (5905000000  / 123100 )
47983 (5950000000  / 124000 )
47998 (5995000000  / 124900 )
48012 (6040000000  / 125800 )
48026 (6085000000  / 126700 )
48040 (6130000000  / 127600 )
48054 (6175000000  / 128500 )
48068 (6220000000  / 129400 )
48081 (6265000000  / 130300 )
48094 (6310000000  / 131200 )
48107 (6355000000  / 132100 )
48120 (6400000000  / 133000 )
48132 (6445000000  / 133900 )
48145 (6490000000  / 134800 )
48157 (6535000000  / 135700 )
48169 (6580000000  / 136600 )
48181 (6625000000  / 137500 )
48193 (6670000000  / 138400 )
48205 (6715000000  / 139300 )
48216 (6760000000  / 140200 )
48228 (6805000000  / 141100 )
48239 (6850000000  / 142000 )
48250 (6895000000  / 142900 )
48261 (6940000000  / 143800 )
48272 (6985000000  / 144700 )
48282 (7030000000  / 145600 )
48293 (7075000000  / 146500 )
48303 (7120000000  / 147400 )
48314 (7165000000  / 148300 )
48324 (7210000000  / 149200 )
48334 (7255000000  / 150100 )
48344 (7300000000  / 151000 )
48354 (7345000000  / 151900 )
48363 (7390000000  / 152800 )
48373 (7435000000  / 153700 )
48382 (7480000000  / 154600 )
48392 (7525000000  / 155500 )
48401 (7570000000  / 156400 )
48410 (7615000000  / 157300 )
48419 (7660000000  / 158200 )
48428 (7705000000  / 159100 )
48437 (7750000000  / 160000 )
48446 (7795000000  / 160900 )
48454 (7840000000  / 161800 )
48463 (7885000000  / 162700 )
48471 (7930000000  / 163600 )
48480 (7975000000  / 164500 )
48488 (8020000000  / 165400 )
48496 (8065000000  / 166300 )
48504 (8110000000  / 167200 )
48512 (8155000000  / 168100 )
48520 (8200000000  / 169000 )
48528 (8245000000  / 169900 )
48536 (8290000000  / 170800 )
48543 (8335000000  / 171700 )
48551 (8380000000  / 172600 )
48559 (8425000000  / 173500 )
48566 (8470000000  / 174400 )
48573 (8515000000  / 175300 )
48581 (8560000000  / 176200 )
48588 (8605000000  / 177100 )
48595 (8650000000  / 178000 )
48602 (8695000000  / 178900 )
48609 (8740000000  / 179800 )
48616 (8785000000  / 180700 )
48623 (8830000000  / 181600 )
48630 (8875000000  / 182500 )
48636 (8920000000  / 183400 )
48643 (8965000000  / 184300 )
48650 (9010000000  / 185200 )
48656 (9055000000  / 186100 )
48663 (9100000000  / 187000 )
48669 (9145000000  / 187900 )
48675 (9190000000  / 188800 )
48682 (9235000000  / 189700 )
48688 (9280000000  / 190600 )
48694 (9325000000  / 191500 )
48700 (9370000000  / 192400 )
48706 (9415000000  / 193300 )
48712 (9460000000  / 194200 )
48718 (9505000000  / 195100 )
48724 (9550000000  / 196000 )
48730 (9595000000  / 196900 )
48736 (9640000000  / 197800 )
48741 (9685000000  / 198700 )
48747 (9730000000  / 199600 )
48753 (9775000000  / 200500 )
48758 (9820000000  / 201400 )
48764 (9865000000  / 202300 )
48769 (9910000000  / 203200 )
48775 (9955000000  / 204100 )
48780 (10000000000 / 205000 )
49351 (19010585314 / 385211 )
49370 (19599715635 / 396994 )
49388 (20194226100 / 408884 )
49406 (20794150393 / 420883 )
49422 (21399522310 / 432990 )
49438 (22010375765 / 445207 )
49453 (22626744785 / 457534 )
49468 (23248663513 / 469973 )
49481 (23876166205 / 482523 )
49495 (24509287235 / 495185 )
49507 (25148061089 / 507961 )
49520 (25792522371 / 520850 )
49531 (26442705797 / 533854 )
49543 (27098646201 / 546972 )
49553 (27760378532 / 560207 )
49564 (28427937853 / 573558 )
49574 (29101359343 / 587027 )
49583 (29780678298 / 600613 )
49593 (30465930127 / 614318 )
49602 (31157150357 / 628143 )
49610 (31854374629 / 642087 )
49619 (32557638702 / 656152 )
49627 (33266978448 / 670339 )
49634 (33982429857 / 684648 )
49642 (34704029034 / 699080 )
49649 (35431812201 / 713636 )
49656 (36165815694 / 728316 )
49663 (36906075968 / 743121 )
49670 (37652629591 / 758052 )
49676 (38405513251 / 773110 )
49682 (39164763750 / 788295 )
49688 (39930418006 / 803608 )
49694 (40702513055 / 819050 )
49700 (41481086048 / 834621 )
49706 (42266174255 / 850323 )
49711 (43057815059 / 866156 )
49716 (43856045963 / 882120 )
49721 (44660904584 / 898218 )
49726 (45472428660 / 914448 )
49731 (46290656041 / 930813 )
49736 (47115624696 / 947312 )
49740 (47947372713 / 963947 )
49745 (48785938294 / 980718 )
49749 (49631359760 / 997627 )
49753 (50483675548 / 1014673)
49757 (51342924212 / 1031858)
49761 (52209144426 / 1049182)
49765 (53082374978 / 1066647)
49769 (53962654776 / 1084253)
